54 0.206827 0.390572 0.180723 0.228956
54 0.585341 0.343434 0.194779 0.215488
54 0.923695 0.473064 0.132530 0.353535
54 0.827309 0.715488 0.188755 0.306397
54 0.626506 0.846801 0.196787 0.212121
54 0.432731 0.841751 0.194779 0.242424
54 0.454819 0.562290 0.146586 0.329966
54 0.605422 0.592593 0.166667 0.235690
54 0.585341 0.117845 0.174699 0.228956
54 0.719880 0.198653 0.142570 0.228956
54 0.389558 0.109428 0.188755 0.191919
54 0.419679 0.314815 0.156627 0.218855
54 0.748996 0.444444 0.180723 0.208754
54 0.826305 0.301347 0.110442 0.191919
54 0.218876 0.801347 0.176707 0.276094
54 0.317269 0.587542 0.132530 0.299663
54 0.081325 0.624579 0.138554 0.265993
54 0.077309 0.346801 0.138554 0.262626
54 0.233936 0.232323 0.174699 0.141414
