57 0.455000 0.549699 0.278000 0.388554
57 0.741000 0.521084 0.266000 0.367470
57 0.189000 0.548193 0.262000 0.397590
57 0.303000 0.248494 0.254000 0.322289
57 0.588000 0.253012 0.256000 0.307229
57 0.879000 0.263554 0.242000 0.310241
57 0.865000 0.841867 0.254000 0.316265
57 0.607000 0.834337 0.254000 0.331325
57 0.313000 0.865964 0.250000 0.268072
57 0.084000 0.813253 0.164000 0.373494
57 0.069000 0.177711 0.134000 0.349398
57 0.445000 0.082831 0.238000 0.159639
57 0.851000 0.060241 0.230000 0.114458
