12 0.538709 0.310277 0.082826 0.122530
22 0.102096 0.560418 0.137255 0.182383
22 0.230561 0.594862 0.096011 0.140599
14 0.607167 0.878600 0.246788 0.224732
14 0.592123 0.692547 0.215348 0.188029
19 0.264030 0.915020 0.118323 0.110107
19 0.274679 0.779221 0.107167 0.091474
19 0.273158 0.846697 0.121028 0.102202
19 0.289723 0.728967 0.095335 0.101637
23 0.401792 0.385375 0.138945 0.241107
12 0.618323 0.303219 0.079784 0.146810
9 0.872718 0.152739 0.167343 0.193676
20 0.127282 0.086957 0.153144 0.164879
3 0.279243 0.131282 0.118999 0.143986
24 0.774679 0.393281 0.164638 0.229814
7 0.659905 0.580181 0.051386 0.102202
0 0.422076 0.584416 0.141650 0.123094
0 0.414300 0.826652 0.140974 0.311688
17 0.240703 0.369848 0.110210 0.201016
13 0.125930 0.300395 0.124070 0.133258
0 0.718898 0.145116 0.135565 0.186335
3 0.922076 0.313100 0.110548 0.102202
4 0.853279 0.802654 0.219067 0.356296
12 0.536680 0.211745 0.074713 0.082439
