65 0.428926 0.913734 0.132224 0.171767
65 0.554437 0.899388 0.142148 0.170620
65 0.682574 0.913160 0.132808 0.172915
65 0.891419 0.913160 0.144191 0.173680
65 0.784880 0.815991 0.122008 0.153022
65 0.631932 0.771041 0.137770 0.149579
65 0.457531 0.769893 0.112960 0.137337
65 0.265762 0.681523 0.120549 0.130451
65 0.080706 0.912204 0.123468 0.157995
65 0.192207 0.915073 0.118214 0.153022
65 0.309545 0.912969 0.125803 0.171767
65 0.259486 0.798776 0.114419 0.125478
65 0.167104 0.792464 0.112376 0.136572
65 0.061880 0.782326 0.118506 0.138485
65 0.822242 0.377965 0.121424 0.145371
65 0.595593 0.483933 0.111792 0.123183
65 0.407910 0.558340 0.108290 0.125096
65 0.553707 0.665073 0.119673 0.161056
65 0.717893 0.680949 0.126386 0.147666
65 0.757443 0.576894 0.131349 0.139250
65 0.353473 0.438600 0.097490 0.135807
65 0.271454 0.442617 0.087566 0.109411
65 0.197315 0.454476 0.103327 0.114767
65 0.146673 0.579763 0.110041 0.123565
65 0.118360 0.676741 0.118214 0.115532
65 0.243433 0.663542 0.151781 0.161821
65 0.330269 0.273910 0.089025 0.106350
65 0.186369 0.276014 0.099533 0.109028
65 0.199504 0.364002 0.080852 0.086840
65 0.111646 0.479151 0.104787 0.115914
65 0.442061 0.335310 0.094279 0.105203
65 0.359165 0.350230 0.100701 0.092196
65 0.275978 0.349082 0.083771 0.092961
65 0.429364 0.422724 0.079393 0.107881
65 0.358290 0.639059 0.112960 0.132747
65 0.443812 0.048585 0.072680 0.076511
65 0.455779 0.660291 0.099533 0.120122
65 0.353619 0.773910 0.104787 0.143076
65 0.230152 0.541890 0.094279 0.110559
65 0.315966 0.541699 0.094279 0.117827
65 0.520724 0.549350 0.109165 0.094109
65 0.633830 0.586458 0.105371 0.138485
65 0.762989 0.460597 0.110917 0.110941
65 0.649591 0.307001 0.099533 0.108263
65 0.480736 0.249044 0.074723 0.100995
65 0.520140 0.354629 0.088733 0.110941
65 0.556626 0.282135 0.086982 0.116679
65 0.270724 0.218822 0.079101 0.106350
65 0.207968 0.187835 0.068009 0.079572
65 0.590485 0.178845 0.087566 0.099847
65 0.715266 0.355203 0.083771 0.102142
65 0.675277 0.442617 0.080852 0.117827
65 0.597782 0.390207 0.085231 0.108646
65 0.658202 0.113428 0.083479 0.099082
65 0.507443 0.136190 0.085522 0.065800
65 0.398716 0.245601 0.079393 0.096404
65 0.394191 0.131982 0.312026 0.130069
