31 0.391996 0.531798 0.691338 0.642544
31 0.686541 0.268275 0.386787 0.432749
31 0.830866 0.066338 0.324561 0.131944
31 0.855263 0.191338 0.143640 0.148026
46 0.327851 0.182749 0.112390 0.120614
46 0.402549 0.101243 0.108279 0.084064
46 0.505208 0.045139 0.166667 0.085161
53 0.887747 0.878655 0.224507 0.230994
53 0.850192 0.564693 0.160362 0.116228
53 0.681058 0.936221 0.217928 0.126827
53 0.783580 0.783443 0.134594 0.141447
53 0.840735 0.667032 0.180921 0.130848
53 0.921327 0.482091 0.152412 0.123538
53 0.941475 0.300987 0.117050 0.099781
53 0.946135 0.388341 0.104441 0.077851
