52 0.162899 0.448500 0.180851 0.251000
52 0.647939 0.472250 0.169548 0.225500
52 0.476230 0.555750 0.175199 0.229500
52 0.394116 0.838750 0.190492 0.248500
52 0.801031 0.694250 0.179189 0.254500
52 0.710106 0.885750 0.180186 0.228500
52 0.930020 0.842750 0.139960 0.247500
52 0.852560 0.489250 0.170545 0.230500
52 0.878989 0.172250 0.177527 0.240500
52 0.757812 0.313750 0.160572 0.201500
52 0.536735 0.332500 0.164561 0.239000
52 0.351064 0.403500 0.162899 0.217000
52 0.296376 0.596750 0.178524 0.242500
52 0.150765 0.673500 0.175864 0.221000
52 0.190492 0.849750 0.203457 0.204500
52 0.232713 0.253250 0.177527 0.231500
52 0.495013 0.124250 0.154255 0.224500
52 0.767952 0.074750 0.184176 0.142500
52 0.630818 0.217250 0.141955 0.179500
52 0.078624 0.291250 0.145279 0.209500
52 0.234707 0.084500 0.189495 0.162000
52 0.085771 0.138000 0.166223 0.160000
52 0.060838 0.822250 0.114362 0.145500
52 0.350731 0.954750 0.175532 0.090500
52 0.691988 0.688250 0.142620 0.203500
52 0.551695 0.766250 0.152593 0.225500
