66 0.515951 0.552734 0.141927 0.197483
66 0.706706 0.633681 0.207031 0.188368
66 0.430339 0.328993 0.124349 0.145833
66 0.538900 0.367188 0.111003 0.192708
66 0.638021 0.326606 0.113932 0.146267
66 0.456706 0.185981 0.114583 0.166233
66 0.544434 0.185547 0.083659 0.105469
66 0.382650 0.703559 0.123372 0.184896
66 0.551270 0.721354 0.154622 0.173611
66 0.504557 0.920573 0.129557 0.158854
66 0.574219 0.855903 0.119141 0.128472
66 0.678711 0.850043 0.113932 0.141059
66 0.439616 0.464410 0.122721 0.139757
