58 0.388889 0.325503 0.240000 0.409396
58 0.865556 0.261745 0.188889 0.322148
58 0.747778 0.592282 0.206667 0.312081
58 0.245556 0.843960 0.224444 0.298658
58 0.505556 0.639262 0.211111 0.338926
58 0.611111 0.359060 0.222222 0.322148
58 0.200000 0.379195 0.195556 0.281879
58 0.118889 0.624161 0.224444 0.281879
58 0.842222 0.859060 0.208889 0.281879
58 0.923333 0.681208 0.153333 0.268456
58 0.713333 0.104027 0.208889 0.201342
58 0.472222 0.135906 0.215556 0.265101
58 0.268889 0.151007 0.213333 0.275168
58 0.050000 0.211409 0.095556 0.335570
58 0.320000 0.592282 0.177778 0.271812
58 0.638889 0.800336 0.197778 0.359060
