52 0.456055 0.246250 0.184766 0.253750
52 0.335352 0.544375 0.165234 0.235000
52 0.663672 0.571250 0.158594 0.260000
52 0.887695 0.282813 0.180859 0.300625
52 0.438086 0.715938 0.174609 0.223125
52 0.264258 0.726875 0.174609 0.188750
52 0.110156 0.817187 0.148438 0.216875
52 0.537305 0.900937 0.195703 0.198125
52 0.902148 0.793125 0.165234 0.240000
52 0.678906 0.800625 0.160156 0.235000
52 0.320508 0.342813 0.189453 0.211875
52 0.142187 0.337813 0.155469 0.229375
52 0.356836 0.078750 0.177734 0.145000
52 0.865039 0.061562 0.207422 0.120625
52 0.620117 0.175000 0.138672 0.190000
52 0.740234 0.333437 0.126562 0.228125
52 0.808789 0.570625 0.147266 0.236250
52 0.947266 0.564063 0.105469 0.230625
52 0.227539 0.180000 0.133203 0.182500
52 0.531445 0.067500 0.173047 0.127500
52 0.200586 0.522500 0.104297 0.186250
52 0.029492 0.650312 0.057422 0.275625
52 0.233203 0.913125 0.118750 0.173750
52 0.066602 0.103750 0.131641 0.200000
