9 0.737722 0.713241 0.288256 0.263350
9 0.515658 0.719459 0.205694 0.209949
9 0.312811 0.767008 0.232740 0.224579
9 0.109609 0.785662 0.195018 0.193124
9 0.398577 0.134967 0.192171 0.183614
9 0.851601 0.217996 0.259786 0.232626
9 0.751957 0.395757 0.234164 0.169715
9 0.888612 0.542063 0.222776 0.220922
9 0.660498 0.543892 0.274733 0.155816
9 0.445907 0.565838 0.207117 0.167520
9 0.400356 0.388442 0.340925 0.209217
9 0.135231 0.526701 0.269039 0.156547
9 0.097865 0.380029 0.191459 0.174835
9 0.601779 0.148500 0.211388 0.158010
