19 0.327644 0.537380 0.082212 0.280048
19 0.462500 0.274880 0.103846 0.255048
19 0.525000 0.346154 0.130769 0.223558
19 0.832532 0.462260 0.081731 0.259135
19 0.901683 0.551923 0.087019 0.292788
19 0.733574 0.656611 0.112019 0.250721
19 0.581811 0.737500 0.176122 0.351923
19 0.705048 0.842909 0.095673 0.314183
19 0.839183 0.701082 0.087981 0.220433
19 0.716667 0.414183 0.153205 0.305288
19 0.600321 0.503005 0.080769 0.246875
19 0.461859 0.471875 0.083013 0.174519
19 0.406170 0.598558 0.108173 0.298077
19 0.393189 0.405048 0.094712 0.208173
19 0.281330 0.499279 0.101122 0.166346
19 0.184295 0.209255 0.118269 0.205048
19 0.107532 0.303125 0.157372 0.190385
2 0.905128 0.204207 0.121795 0.192548
2 0.760737 0.109375 0.212500 0.216346
