35 0.260254 0.626465 0.198242 0.166992
35 0.445801 0.619141 0.204102 0.160156
35 0.657715 0.619141 0.209961 0.246094
35 0.537598 0.763184 0.174805 0.143555
35 0.504883 0.306641 0.167969 0.162109
35 0.271973 0.294434 0.143555 0.165039
35 0.194336 0.492188 0.142578 0.171875
35 0.407715 0.481934 0.168945 0.147461
35 0.392090 0.779297 0.184570 0.150391
35 0.771973 0.661133 0.114258 0.148438
35 0.690430 0.756348 0.132812 0.083008
35 0.732422 0.409180 0.189453 0.158203
35 0.808594 0.525391 0.167969 0.140625
35 0.709473 0.258301 0.161133 0.151367
35 0.624512 0.310059 0.104492 0.084961
35 0.581055 0.225586 0.128906 0.136719
35 0.437012 0.172852 0.161133 0.103516
35 0.256836 0.749512 0.123047 0.104492
