25 0.109871 0.627361 0.097057 0.125497
25 0.286872 0.622888 0.091270 0.131958
25 0.344329 0.815234 0.098380 0.123012
25 0.173198 0.799702 0.121528 0.156561
25 0.380952 0.938370 0.101521 0.121272
25 0.479001 0.959369 0.084656 0.081262
25 0.074405 0.776342 0.120701 0.168986
25 0.257192 0.941228 0.136078 0.115557
25 0.210979 0.392893 0.096230 0.088469
25 0.132937 0.345179 0.099868 0.131710
25 0.053323 0.523236 0.106316 0.145378
25 0.171627 0.773236 0.092593 0.185636
25 0.371528 0.412028 0.091270 0.129722
25 0.489501 0.426193 0.068287 0.092942
25 0.395916 0.605244 0.088459 0.141402
25 0.516452 0.632207 0.109292 0.119781
25 0.447421 0.708375 0.070437 0.108101
25 0.528604 0.713718 0.100529 0.149105
25 0.610863 0.808400 0.076885 0.130716
25 0.779018 0.434394 0.068287 0.089960
25 0.631118 0.416377 0.053902 0.077783
25 0.663277 0.597043 0.063988 0.080268
25 0.585731 0.532679 0.063988 0.093688
25 0.721561 0.842073 0.102844 0.183648
25 0.925513 0.612202 0.092097 0.188121
25 0.746693 0.900721 0.115741 0.159791
25 0.657655 0.557406 0.131779 0.113320
25 0.523479 0.867545 0.119378 0.108847
25 0.914352 0.891526 0.167328 0.216948
25 0.808284 0.675696 0.146660 0.272366
25 0.805969 0.503231 0.122189 0.198807
25 0.689236 0.715209 0.191964 0.173956
