37 0.246962 0.466725 0.082465 0.098958
37 0.276693 0.578993 0.082031 0.111690
37 0.346137 0.616609 0.088108 0.111690
37 0.432726 0.746817 0.098090 0.133681
37 0.580946 0.611400 0.104601 0.131366
37 0.408420 0.442419 0.077257 0.110532
37 0.318576 0.430556 0.071181 0.099537
37 0.509549 0.097512 0.072049 0.088542
37 0.540799 0.188657 0.075521 0.104167
37 0.466146 0.176215 0.079861 0.097801
37 0.670356 0.205440 0.084635 0.098380
37 0.662543 0.288773 0.110677 0.109954
37 0.754774 0.429688 0.096354 0.118634
37 0.723307 0.538484 0.101997 0.124421
37 0.611111 0.508102 0.103299 0.119213
37 0.609158 0.391204 0.097656 0.140046
37 0.498915 0.552083 0.093316 0.103009
37 0.529514 0.469039 0.078125 0.104745
37 0.271050 0.279803 0.079427 0.105903
37 0.343750 0.257523 0.087674 0.113426
37 0.278212 0.194734 0.081597 0.088542
37 0.340712 0.158565 0.056424 0.082176
37 0.413845 0.115741 0.073351 0.105324
37 0.537326 0.368345 0.072049 0.109375
37 0.471571 0.403067 0.088976 0.115162
37 0.410590 0.266493 0.055556 0.080440
37 0.602648 0.144676 0.074219 0.086806
37 0.571398 0.729456 0.089844 0.105903
37 0.428168 0.646412 0.080295 0.097222
