37 0.711000 0.253754 0.110000 0.207207
37 0.450000 0.352853 0.096000 0.153153
37 0.264000 0.492492 0.120000 0.180180
37 0.257000 0.734234 0.138000 0.189189
37 0.830000 0.546547 0.116000 0.174174
37 0.947000 0.539039 0.106000 0.201201
37 0.871000 0.732733 0.178000 0.174174
37 0.694000 0.858859 0.124000 0.174174
37 0.522000 0.891892 0.228000 0.216216
37 0.242000 0.120120 0.128000 0.186186
37 0.400000 0.196697 0.120000 0.153153
37 0.560000 0.253754 0.188000 0.207207
37 0.098000 0.399399 0.104000 0.156156
37 0.943000 0.213213 0.114000 0.156156
37 0.587000 0.617117 0.138000 0.153153
37 0.097000 0.614114 0.138000 0.261261
37 0.429000 0.590090 0.142000 0.261261
37 0.082000 0.123123 0.152000 0.216216
