39 0.371000 0.425299 0.224667 0.290837
39 0.838333 0.707171 0.230000 0.356574
39 0.483333 0.882470 0.218667 0.235060
39 0.189667 0.874004 0.216667 0.251992
39 0.558667 0.488546 0.190667 0.291833
39 0.638000 0.753486 0.198667 0.287849
39 0.671333 0.247012 0.200000 0.298805
39 0.809333 0.448207 0.217333 0.241036
39 0.911667 0.234064 0.175333 0.318725
39 0.197333 0.568725 0.193333 0.278884
39 0.071667 0.694223 0.140667 0.304781
39 0.243000 0.287351 0.210000 0.287849
39 0.430667 0.092629 0.196000 0.183267
39 0.208667 0.084163 0.196000 0.166335
39 0.776000 0.140438 0.145333 0.264940
39 0.372667 0.703187 0.204000 0.294821
