39 0.515943 0.491935 0.147919 0.184332
39 0.789637 0.472926 0.139061 0.176267
39 0.580602 0.826613 0.144376 0.176267
39 0.635518 0.660714 0.133747 0.160138
39 0.376882 0.667051 0.121346 0.156682
39 0.500443 0.683180 0.122232 0.156682
39 0.759079 0.722926 0.129318 0.162442
39 0.937112 0.925115 0.120461 0.149770
39 0.043844 0.834677 0.084145 0.162442
39 0.185562 0.608295 0.147919 0.172811
39 0.193091 0.447005 0.116918 0.145161
39 0.313109 0.455645 0.108946 0.155530
39 0.467228 0.175115 0.137290 0.163594
39 0.716120 0.255184 0.121346 0.146313
39 0.577945 0.298963 0.119575 0.125576
39 0.461027 0.381336 0.124889 0.154378
39 0.625775 0.430876 0.121346 0.156682
39 0.296723 0.327189 0.095660 0.108295
39 0.263508 0.735599 0.116032 0.148618
39 0.454827 0.835253 0.123118 0.158986
39 0.388397 0.283986 0.110717 0.155530
39 0.631532 0.199309 0.106289 0.140553
