14 0.105385 0.249279 0.208462 0.497403
14 0.256731 0.163301 0.083462 0.146567
14 0.309231 0.284766 0.086923 0.158684
14 0.330385 0.439411 0.236154 0.327178
14 0.241731 0.712926 0.148077 0.247548
14 0.136731 0.596653 0.145769 0.171956
20 0.494231 0.267455 0.167692 0.237161
20 0.395962 0.157242 0.140385 0.185228
20 0.592885 0.049336 0.168846 0.096365
20 0.511731 0.082804 0.094231 0.128679
20 0.503654 0.276111 0.158077 0.224466
20 0.594038 0.187825 0.138846 0.197923
7 0.841154 0.469129 0.316923 0.450087
21 0.913462 0.067224 0.170000 0.128679
7 0.568462 0.805540 0.375385 0.388921
7 0.238654 0.909406 0.234231 0.181189
20 0.715385 0.110791 0.146154 0.216965
