42 0.553125 0.535417 0.175000 0.204167
42 0.696875 0.585417 0.125000 0.154167
42 0.517188 0.785417 0.121875 0.145833
42 0.809375 0.772917 0.156250 0.204167
42 0.651563 0.885417 0.128125 0.162500
42 0.293750 0.691667 0.125000 0.141667
42 0.896875 0.112500 0.175000 0.216667
42 0.406250 0.104167 0.175000 0.183333
42 0.387500 0.387500 0.193750 0.450000
42 0.132812 0.547917 0.109375 0.120833
42 0.210938 0.754167 0.115625 0.158333
42 0.457813 0.666667 0.115625 0.133333
42 0.400000 0.791667 0.081250 0.108333
42 0.356250 0.879167 0.112500 0.158333
42 0.893750 0.566667 0.131250 0.208333
42 0.948438 0.485417 0.090625 0.195833
42 0.059375 0.397917 0.112500 0.137500
42 0.048438 0.522917 0.090625 0.154167
42 0.164062 0.891667 0.103125 0.133333
42 0.692187 0.447917 0.115625 0.129167
42 0.767188 0.391667 0.109375 0.133333
