45 0.150758 0.822102 0.168182 0.253369
45 0.378788 0.840970 0.154545 0.285714
45 0.534091 0.839623 0.174242 0.266846
45 0.237879 0.628032 0.136364 0.258760
45 0.421212 0.617251 0.142424 0.231806
45 0.671212 0.787062 0.139394 0.247978
45 0.503788 0.510782 0.177273 0.245283
45 0.633333 0.309973 0.145455 0.199461
45 0.844697 0.343666 0.143939 0.212938
45 0.787879 0.541779 0.124242 0.177898
45 0.892424 0.694070 0.142424 0.234501
45 0.937121 0.080863 0.125758 0.156334
45 0.670455 0.473046 0.150000 0.202156
