45 0.464629 0.338507 0.158461 0.215604
45 0.264856 0.407718 0.152801 0.189597
45 0.229768 0.734899 0.170911 0.253356
45 0.454160 0.710990 0.139785 0.234060
45 0.653367 0.626258 0.156763 0.220638
45 0.839559 0.638423 0.143181 0.213087
45 0.869836 0.819211 0.179966 0.182047
45 0.695246 0.937500 0.159027 0.125000
45 0.575835 0.749161 0.136389 0.189597
45 0.738257 0.293624 0.164686 0.189597
45 0.746180 0.496644 0.173741 0.161074
45 0.894171 0.417785 0.157329 0.184564
45 0.122807 0.397651 0.108659 0.166107
45 0.177419 0.254195 0.139785 0.171141
45 0.244765 0.136326 0.143181 0.141779
45 0.506791 0.172819 0.125071 0.176174
45 0.742218 0.158977 0.145444 0.106544
45 0.857951 0.252097 0.121109 0.153523
45 0.359932 0.853188 0.157329 0.211409
45 0.229485 0.930789 0.165818 0.138423
45 0.084607 0.615772 0.142049 0.181208
45 0.283814 0.282299 0.114884 0.143456
45 0.395869 0.116191 0.131862 0.158557
45 0.627900 0.405201 0.156763 0.177852
45 0.521505 0.536493 0.127334 0.161913
45 0.507074 0.906879 0.160724 0.184564
