45 0.370500 0.264500 0.179000 0.183000
45 0.833500 0.319000 0.185000 0.174000
45 0.440000 0.616500 0.210000 0.169000
45 0.461000 0.896500 0.204000 0.175000
45 0.731000 0.835500 0.200000 0.197000
45 0.205000 0.688000 0.214000 0.172000
45 0.209000 0.550500 0.180000 0.165000
45 0.167500 0.399500 0.197000 0.169000
45 0.227000 0.914500 0.172000 0.155000
45 0.697500 0.467000 0.183000 0.176000
45 0.498000 0.497500 0.180000 0.159000
45 0.571000 0.363000 0.174000 0.172000
45 0.487000 0.214500 0.176000 0.155000
45 0.138500 0.135000 0.181000 0.174000
45 0.636500 0.081500 0.187000 0.151000
45 0.689000 0.613500 0.188000 0.115000
45 0.893000 0.441000 0.138000 0.162000
45 0.900500 0.167000 0.173000 0.126000
