45 0.568500 0.475000 0.205000 0.198000
45 0.366500 0.506500 0.195000 0.163000
45 0.343500 0.649500 0.179000 0.157000
45 0.673500 0.765500 0.199000 0.199000
45 0.831500 0.461000 0.183000 0.198000
45 0.284500 0.756000 0.193000 0.132000
45 0.114500 0.730000 0.145000 0.148000
45 0.106000 0.624500 0.156000 0.139000
45 0.215500 0.637000 0.117000 0.126000
45 0.541000 0.658500 0.190000 0.169000
45 0.721000 0.620000 0.192000 0.158000
45 0.893500 0.624500 0.187000 0.145000
45 0.653500 0.345000 0.201000 0.144000
45 0.314000 0.395500 0.156000 0.123000
45 0.208000 0.502500 0.146000 0.125000
45 0.084000 0.541000 0.138000 0.096000
