18 0.461777 0.536458 0.554752 0.286651
18 0.105630 0.476659 0.184917 0.352238
18 0.437629 0.805748 0.192924 0.387731
18 0.718879 0.798225 0.375775 0.403549
18 0.658962 0.102238 0.228564 0.192130
18 0.731276 0.277006 0.332903 0.223765
18 0.787965 0.450617 0.424070 0.337963
18 0.134814 0.186150 0.269112 0.230324
18 0.401343 0.086420 0.341942 0.172068
18 0.381973 0.227816 0.321798 0.163966
18 0.259427 0.705826 0.190341 0.429398
18 0.143724 0.891975 0.276601 0.216049
18 0.887913 0.151620 0.223657 0.209105
