10 0.216745 0.444386 0.131604 0.601342
10 0.607311 0.746292 0.155189 0.506709
10 0.226533 0.869174 0.378538 0.261653
10 0.223231 0.440855 0.133255 0.614760
10 0.649057 0.215219 0.112736 0.429732
10 0.465448 0.136123 0.281840 0.271540
10 0.088208 0.520480 0.140094 0.602401
10 0.372524 0.635064 0.168632 0.244703
9 0.764858 0.866172 0.184434 0.266949
9 0.743868 0.478107 0.149057 0.267655
9 0.532783 0.456744 0.119811 0.181850
9 0.798585 0.293962 0.125943 0.200212
9 0.922170 0.304379 0.155660 0.185028
9 0.838090 0.659251 0.199292 0.237288
9 0.739858 0.148482 0.137264 0.135946
9 0.927241 0.176730 0.145519 0.186794
9 0.878656 0.487112 0.125708 0.160664
9 0.931132 0.891949 0.136792 0.215395
