10 0.602344 0.493706 0.403646 0.197482
10 0.156771 0.506688 0.243750 0.503541
10 0.453646 0.262392 0.123958 0.394178
10 0.551042 0.203777 0.123958 0.402832
10 0.944792 0.187648 0.110417 0.373721
10 0.768490 0.371755 0.257812 0.181747
10 0.778646 0.838710 0.206250 0.322581
10 0.371094 0.876869 0.279687 0.244689
10 0.301042 0.618411 0.264583 0.413847
10 0.142187 0.497640 0.201042 0.476003
10 0.202344 0.134146 0.395313 0.260425
10 0.630469 0.660504 0.390104 0.203777
10 0.601042 0.876869 0.255208 0.244689
10 0.149740 0.896145 0.173437 0.207710
10 0.934115 0.503541 0.130729 0.256491
10 0.760938 0.156570 0.208333 0.308419
