14 0.291512 0.538380 0.162865 0.361514
14 0.301459 0.850195 0.260212 0.299611
14 0.105703 0.670499 0.193899 0.451008
14 0.164324 0.194376 0.277719 0.370357
14 0.359284 0.226388 0.218833 0.326141
14 0.422281 0.574461 0.126790 0.212239
14 0.086472 0.949947 0.167109 0.100106
14 0.580239 0.330386 0.154642 0.174036
14 0.649602 0.553944 0.254111 0.287230
14 0.626260 0.813760 0.184085 0.289706
14 0.899204 0.775380 0.201061 0.321189
14 0.763926 0.857446 0.128912 0.185356
14 0.779310 0.231341 0.173475 0.227803
14 0.655040 0.161479 0.173740 0.188539
14 0.932095 0.241776 0.135809 0.245844
14 0.856499 0.373718 0.178249 0.215423
14 0.758753 0.062611 0.153581 0.123806
14 0.605703 0.071631 0.184350 0.142554
14 0.902653 0.069862 0.194695 0.136894
14 0.902918 0.545101 0.160743 0.139370
