50 0.387000 0.301587 0.278000 0.343915
50 0.388000 0.604497 0.244000 0.298942
50 0.646000 0.264550 0.216000 0.296296
50 0.895000 0.529101 0.186000 0.354497
50 0.678000 0.755291 0.224000 0.341270
50 0.181000 0.472222 0.202000 0.277778
50 0.218000 0.767196 0.248000 0.312169
50 0.143000 0.234127 0.222000 0.272487
50 0.909000 0.250000 0.146000 0.235450
50 0.561000 0.517196 0.186000 0.277778
50 0.724000 0.489418 0.168000 0.211640
50 0.054000 0.730159 0.076000 0.328042
50 0.722000 0.099206 0.236000 0.150794
50 0.885000 0.826720 0.190000 0.283069
