14 0.690212 0.549383 0.325155 0.462191
14 0.349432 0.786844 0.295971 0.401620
14 0.165031 0.412809 0.302686 0.483796
14 0.450930 0.316165 0.275310 0.430170
14 0.837810 0.296103 0.247934 0.366898
14 0.725336 0.876543 0.252841 0.239198
14 0.097882 0.818673 0.194731 0.362654
14 0.314437 0.123457 0.220816 0.152006
14 0.585615 0.181906 0.241994 0.283565
14 0.742769 0.073881 0.154959 0.116127
14 0.919809 0.072917 0.159349 0.134259
14 0.936725 0.677083 0.126033 0.380401
14 0.076834 0.173032 0.150568 0.277392
