53 0.265937 0.555556 0.241875 0.311858
53 0.314688 0.771709 0.236875 0.314659
53 0.691562 0.258637 0.213125 0.255836
53 0.596250 0.490196 0.185000 0.255836
53 0.610000 0.770308 0.122500 0.341737
53 0.739688 0.784314 0.175625 0.377218
53 0.870938 0.547619 0.201875 0.338936
53 0.909062 0.309991 0.176875 0.239029
53 0.431563 0.334267 0.258125 0.240896
53 0.135625 0.295518 0.172500 0.309057
53 0.205000 0.420168 0.222500 0.351074
53 0.504375 0.157330 0.212500 0.211951
53 0.755000 0.096639 0.180000 0.152194
53 0.093750 0.702614 0.147500 0.251167
53 0.500938 0.701681 0.101875 0.275444
53 0.320000 0.183007 0.191250 0.248366
