17 0.391667 0.630469 0.298958 0.421875
17 0.662240 0.541016 0.238021 0.364844
17 0.452344 0.309375 0.201563 0.262500
17 0.642188 0.257812 0.185417 0.246875
17 0.917969 0.346484 0.160938 0.286719
17 0.888542 0.895703 0.218750 0.208594
17 0.663021 0.850391 0.202083 0.260156
17 0.271615 0.903516 0.223438 0.192969
17 0.465365 0.931250 0.175521 0.137500
17 0.337240 0.136719 0.242188 0.268750
17 0.087500 0.179297 0.173958 0.325781
17 0.079167 0.486328 0.157292 0.327344
17 0.101562 0.885547 0.172917 0.228906
17 0.202344 0.718750 0.103646 0.143750
17 0.202344 0.532813 0.084896 0.193750
17 0.285417 0.376563 0.166667 0.184375
17 0.794010 0.409766 0.121354 0.310156
17 0.784115 0.157422 0.126562 0.172656
17 0.941667 0.106250 0.116667 0.196875
17 0.922135 0.648438 0.149479 0.259375
17 0.809115 0.773438 0.160938 0.235937
17 0.038542 0.699219 0.075000 0.192188
