59 0.169681 0.399361 0.124468 0.476038
59 0.569681 0.473642 0.135106 0.314696
59 0.759043 0.452077 0.135106 0.345048
59 0.685106 0.816294 0.148936 0.367412
59 0.843617 0.797125 0.146809 0.405751
59 0.523404 0.781949 0.146809 0.436102
59 0.253191 0.769968 0.129787 0.460064
59 0.328723 0.393770 0.136170 0.458466
59 0.584574 0.385783 0.135106 0.448882
59 0.137766 0.797125 0.111702 0.405751
59 0.252128 0.813099 0.121277 0.373802
59 0.392553 0.801917 0.104255 0.396166
59 0.964894 0.781150 0.063830 0.437700
59 0.892553 0.374601 0.121277 0.496805
59 0.446277 0.389776 0.139362 0.476038
59 0.054255 0.408147 0.104255 0.436102
59 0.038298 0.797125 0.074468 0.405751
59 0.656915 0.119010 0.120213 0.234824
59 0.770213 0.130192 0.106383 0.257188
59 0.898404 0.131789 0.124468 0.260383
59 0.360638 0.119808 0.123404 0.236422
59 0.235106 0.106230 0.129787 0.206070
59 0.100000 0.103035 0.119149 0.202875
59 0.481383 0.100639 0.124468 0.198083
