57 0.357812 0.360833 0.204375 0.250000
57 0.524062 0.448333 0.186875 0.273333
57 0.672813 0.215833 0.219375 0.240000
57 0.233437 0.140000 0.200625 0.265000
57 0.082500 0.183750 0.163750 0.250833
57 0.073438 0.426250 0.145625 0.307500
57 0.240000 0.558333 0.216250 0.250000
57 0.860938 0.271667 0.181875 0.290000
57 0.410938 0.661667 0.196875 0.268333
57 0.797500 0.611250 0.203750 0.287500
57 0.857812 0.850833 0.193125 0.265000
57 0.680937 0.935000 0.196875 0.130000
57 0.332188 0.942083 0.208125 0.115833
57 0.475625 0.212500 0.196250 0.208333
57 0.238125 0.783333 0.185000 0.193333
57 0.664062 0.804583 0.184375 0.175833
57 0.434688 0.849583 0.206875 0.159167
57 0.041250 0.877083 0.076250 0.245833
57 0.178125 0.355000 0.135000 0.191667
57 0.144063 0.940417 0.178125 0.119167
57 0.093750 0.792083 0.130000 0.185833
57 0.922500 0.438333 0.152500 0.210000
57 0.397188 0.069167 0.200625 0.135000
57 0.793750 0.067917 0.210000 0.125833
