10 0.351716 0.729320 0.294935 0.303615
10 0.660948 0.573836 0.153595 0.150735
10 0.231005 0.431526 0.328023 0.097120
10 0.198734 0.537684 0.155637 0.175245
10 0.041054 0.612745 0.078840 0.177083
10 0.082108 0.782935 0.154412 0.188419
10 0.625817 0.773897 0.242647 0.267770
10 0.441381 0.933211 0.355801 0.106005
10 0.424837 0.512408 0.267157 0.120404
9 0.616422 0.375000 0.088235 0.077206
9 0.662786 0.210325 0.087010 0.067096
9 0.334559 0.263787 0.094771 0.050245
9 0.349265 0.139859 0.105392 0.055453
9 0.446283 0.212010 0.078023 0.057598
9 0.462827 0.350950 0.088235 0.065870
9 0.727737 0.431526 0.104167 0.068934
9 0.718546 0.288450 0.088235 0.065257
9 0.221201 0.269608 0.073938 0.055147
9 0.606005 0.143076 0.097631 0.064951
9 0.554943 0.261489 0.078840 0.061581
9 0.307190 0.318015 0.094771 0.059436
9 0.550041 0.318015 0.091095 0.057598
9 0.160948 0.277880 0.058007 0.038603
9 0.786969 0.231771 0.063317 0.057292
9 0.831291 0.171875 0.062908 0.046569
9 0.675654 0.151042 0.064542 0.043505
9 0.434845 0.143842 0.068219 0.035233
9 0.799224 0.324449 0.074755 0.058211
9 0.876430 0.238971 0.070670 0.041667
13 0.672590 0.054534 0.564134 0.104167
