3 0.604948 0.715278 0.266146 0.425000
3 0.244531 0.760417 0.277604 0.223611
3 0.464062 0.538542 0.379167 0.268750
3 0.872917 0.662153 0.254167 0.396528
3 0.169792 0.309028 0.335417 0.250000
3 0.052344 0.544792 0.100521 0.284028
3 0.223438 0.490278 0.189583 0.243056
3 0.655990 0.265625 0.300521 0.309028
3 0.903646 0.149306 0.192708 0.275000
3 0.413542 0.265278 0.209375 0.311111
3 0.790365 0.468403 0.276562 0.170139
3 0.954688 0.373264 0.086458 0.225694
3 0.094792 0.116667 0.186458 0.181944
3 0.431771 0.840625 0.109375 0.231250
3 0.516667 0.077431 0.623958 0.145139
