2 0.540885 0.441518 0.275521 0.449107
2 0.337240 0.637054 0.240104 0.463393
2 0.282813 0.368304 0.260417 0.393750
2 0.694271 0.754911 0.223958 0.490179
2 0.870313 0.741071 0.258333 0.500000
2 0.812500 0.332589 0.375000 0.486607
2 0.901563 0.128125 0.195833 0.254464
2 0.128385 0.808929 0.252604 0.382143
2 0.061719 0.312054 0.122396 0.463393
2 0.094010 0.102679 0.182812 0.203571
2 0.252083 0.103571 0.187500 0.203571
2 0.476042 0.121429 0.254167 0.232143
2 0.710417 0.056696 0.207292 0.109821
2 0.480990 0.796429 0.228646 0.296429
