63 0.621957 0.219157 0.225534 0.364751
63 0.307004 0.680460 0.181818 0.283525
63 0.493294 0.782759 0.230502 0.334866
63 0.687283 0.853640 0.189270 0.292720
63 0.831098 0.650958 0.189767 0.282759
63 0.829111 0.350958 0.198708 0.318774
63 0.647789 0.543295 0.194734 0.283525
63 0.445852 0.421456 0.222057 0.343295
63 0.238450 0.380843 0.193741 0.311111
63 0.111525 0.643295 0.206160 0.293487
63 0.281669 0.914176 0.210631 0.171648
63 0.086190 0.901149 0.166418 0.197701
63 0.389220 0.134100 0.211128 0.260536
63 0.854446 0.091188 0.212618 0.179310
63 0.956533 0.482759 0.081967 0.236015
63 0.975161 0.214943 0.041729 0.227586
63 0.193741 0.106897 0.169896 0.206130
63 0.072777 0.295785 0.144560 0.369349
63 0.866120 0.906513 0.163438 0.186973
63 0.967710 0.813410 0.062593 0.276628
