9 0.360147 0.771123 0.244213 0.365162
9 0.361497 0.512153 0.096451 0.140046
9 0.434221 0.598380 0.086034 0.113426
9 0.648341 0.834491 0.233410 0.325231
9 0.914352 0.500579 0.171296 0.333333
9 0.731867 0.230035 0.212191 0.369792
9 0.499035 0.392650 0.194059 0.288773
9 0.329090 0.164931 0.268519 0.327546
9 0.122299 0.353299 0.243827 0.348958
9 0.118441 0.745660 0.233025 0.504051
9 0.366127 0.386285 0.084105 0.114005
9 0.248650 0.566262 0.103781 0.171875
9 0.579861 0.571181 0.094907 0.157407
9 0.724344 0.592593 0.221836 0.361111
9 0.867670 0.813947 0.243056 0.370949
9 0.494599 0.205440 0.091821 0.109954
9 0.279514 0.373843 0.078318 0.135417
