14 0.607250 0.362167 0.167500 0.220333
14 0.910625 0.348500 0.102250 0.223667
14 0.846875 0.675000 0.143750 0.164667
14 0.631125 0.907500 0.144750 0.184333
14 0.621625 0.758167 0.109750 0.132333
14 0.662000 0.648500 0.084500 0.113667
14 0.640375 0.541833 0.120750 0.143000
14 0.741375 0.474000 0.099250 0.168667
14 0.854375 0.801500 0.158750 0.131667
14 0.735500 0.852500 0.176000 0.172333
14 0.812125 0.212667 0.152250 0.137333
14 0.582875 0.168833 0.126750 0.171000
14 0.722750 0.075500 0.103000 0.132333
14 0.891375 0.088833 0.217250 0.173000
14 0.805875 0.353000 0.116250 0.142000
14 0.897375 0.536833 0.205250 0.219000
14 0.914500 0.936667 0.167500 0.126667
14 0.525125 0.931500 0.109250 0.136333
14 0.747375 0.723000 0.113750 0.100000
14 0.600250 0.643333 0.068500 0.134000
14 0.720875 0.263000 0.118250 0.154000
14 0.614750 0.052500 0.126500 0.101667
14 0.963875 0.266667 0.072250 0.186667
7 0.067625 0.280500 0.133750 0.534333
7 0.117875 0.700500 0.170250 0.409667
7 0.534500 0.487667 0.088000 0.389333
7 0.377875 0.731167 0.123750 0.376333
7 0.236375 0.210000 0.153750 0.416667
7 0.455750 0.158167 0.122000 0.297000
7 0.353250 0.215667 0.111000 0.300000
7 0.387875 0.472833 0.244750 0.153667
7 0.116125 0.928000 0.092750 0.143333
7 0.237875 0.899500 0.089250 0.201000
7 0.291000 0.920000 0.107000 0.160000
7 0.476750 0.691833 0.121500 0.375000
7 0.258000 0.696333 0.151500 0.166000
7 0.251500 0.454000 0.148500 0.322667
