1 0.454688 0.388281 0.196875 0.303125
1 0.615365 0.167969 0.189062 0.259375
1 0.591146 0.691016 0.201042 0.288281
1 0.419010 0.643750 0.202604 0.278125
1 0.483333 0.887109 0.206250 0.225781
1 0.679688 0.894922 0.192708 0.210156
1 0.797396 0.620313 0.217708 0.309375
1 0.838542 0.325781 0.235417 0.282813
1 0.773698 0.103906 0.211979 0.200000
1 0.875521 0.864453 0.235417 0.263281
1 0.936198 0.600000 0.127604 0.321875
1 0.941667 0.167187 0.116667 0.325000
1 0.432812 0.075391 0.191667 0.149219
1 0.345313 0.198437 0.181250 0.296875
0 0.298698 0.452734 0.149479 0.307031
0 0.140885 0.486719 0.161979 0.232813
0 0.124219 0.727344 0.160938 0.223438
0 0.267188 0.694531 0.121875 0.189062
0 0.318490 0.892578 0.128646 0.213281
0 0.184115 0.916016 0.143229 0.167969
0 0.205469 0.148047 0.142187 0.224219
0 0.068490 0.100781 0.135937 0.184375
0 0.109635 0.272656 0.217188 0.215625
0 0.036719 0.492578 0.072396 0.225781
0 0.034115 0.710938 0.060937 0.193750
0 0.059115 0.908203 0.115104 0.182031
