0 0.362240 0.645687 0.207813 0.448063
0 0.497396 0.805898 0.191667 0.296655
0 0.680990 0.627641 0.164062 0.242958
0 0.913021 0.752641 0.173958 0.241197
0 0.378385 0.202465 0.192188 0.149648
0 0.777865 0.208627 0.179688 0.146127
1 0.088021 0.596831 0.175000 0.255282
1 0.207813 0.727113 0.160417 0.232394
1 0.680990 0.821743 0.160938 0.178697
1 0.674740 0.477993 0.157812 0.183099
1 0.403385 0.389085 0.197396 0.186620
1 0.096615 0.318222 0.192188 0.147007
1 0.074740 0.459947 0.140104 0.148768
1 0.159896 0.793134 0.145833 0.202465
1 0.064062 0.868838 0.088542 0.165493
1 0.351042 0.920335 0.113542 0.159331
1 0.537760 0.934419 0.098437 0.129401
0 0.089844 0.156250 0.110937 0.111796
0 0.654687 0.091109 0.087500 0.139965
0 0.749219 0.097271 0.104688 0.104754
0 0.925781 0.155810 0.138021 0.174296
0 0.428385 0.067782 0.115104 0.121479
0 0.057813 0.050176 0.114583 0.098592
0 0.151042 0.927817 0.110417 0.144366
0 0.886458 0.556338 0.161458 0.169014
0 0.803646 0.422095 0.128125 0.132923
0 0.928646 0.312060 0.141667 0.208627
0 0.635938 0.303257 0.145833 0.117077
0 0.547917 0.203785 0.127083 0.141725
0 0.225260 0.068222 0.091146 0.134683
0 0.300000 0.280810 0.109375 0.132042
0 0.235417 0.436180 0.154167 0.131162
0 0.257292 0.919014 0.101042 0.160211
0 0.652344 0.955546 0.067187 0.088908
0 0.322917 0.068222 0.094792 0.127641
1 0.529167 0.070423 0.080208 0.137324
0 0.888021 0.942342 0.223958 0.115317
