0 0.614544 0.460660 0.219715 0.316244
0 0.654287 0.820051 0.239500 0.359898
0 0.923117 0.817005 0.153766 0.327411
0 0.178237 0.180457 0.185005 0.229949
0 0.176501 0.566244 0.194724 0.272589
0 0.208782 0.880203 0.212079 0.239594
0 0.419299 0.889848 0.202013 0.220305
0 0.923464 0.567513 0.153072 0.213198
0 0.843284 0.234772 0.180146 0.244162
0 0.540090 0.117766 0.188823 0.223350
0 0.448629 0.334264 0.191253 0.236041
0 0.314995 0.487563 0.180840 0.206599
0 0.327490 0.704569 0.194724 0.237563
0 0.510760 0.692640 0.189865 0.242132
0 0.790871 0.438832 0.185005 0.270558
0 0.700798 0.140102 0.163138 0.194924
0 0.165741 0.348477 0.180840 0.186294
0 0.393787 0.155584 0.125304 0.190355
0 0.832871 0.068274 0.154460 0.133503
0 0.051198 0.217005 0.101701 0.229949
0 0.083825 0.833756 0.152378 0.314213
