1 0.405039 0.515698 0.194574 0.283721
1 0.581395 0.414535 0.180620 0.267442
1 0.746512 0.445349 0.160465 0.234884
1 0.910853 0.393895 0.175969 0.337791
1 0.315698 0.204942 0.181008 0.252907
1 0.672868 0.114826 0.173643 0.225000
1 0.171318 0.267442 0.155039 0.234884
1 0.265310 0.438663 0.131395 0.221512
1 0.419380 0.339535 0.151163 0.180233
1 0.210271 0.867442 0.194186 0.265116
1 0.374612 0.809302 0.209690 0.287209
1 0.535465 0.722384 0.161628 0.272674
1 0.748062 0.794767 0.173643 0.240698
1 0.079070 0.653198 0.148837 0.236628
1 0.459109 0.124419 0.167054 0.205814
