1 0.652100 0.753906 0.286621 0.294271
1 0.206055 0.770508 0.234375 0.335286
1 0.133545 0.532227 0.237793 0.205078
1 0.322266 0.548503 0.165039 0.242839
1 0.551025 0.396484 0.206543 0.183594
1 0.827637 0.367513 0.188477 0.198568
1 0.886719 0.230143 0.186523 0.205078
1 0.480225 0.242188 0.173340 0.184896
1 0.812988 0.668620 0.167969 0.279948
1 0.912842 0.911784 0.174316 0.158203
1 0.083984 0.149740 0.124023 0.130208
1 0.172119 0.234701 0.189941 0.126953
1 0.413086 0.152018 0.149414 0.166016
1 0.633545 0.080078 0.129395 0.131510
1 0.638672 0.228841 0.151367 0.147786
1 0.276855 0.351562 0.116211 0.132812
1 0.376953 0.416667 0.124023 0.162760
1 0.460205 0.534831 0.125488 0.169922
1 0.579834 0.533529 0.121582 0.156901
