1 0.105469 0.644896 0.169922 0.268935
1 0.219727 0.325467 0.107422 0.106476
1 0.316895 0.294182 0.104492 0.103183
1 0.398438 0.371021 0.099609 0.111965
1 0.379395 0.462130 0.100586 0.094402
1 0.494141 0.382547 0.089844 0.104281
1 0.379395 0.116356 0.137695 0.190999
1 0.528809 0.173436 0.161133 0.186608
1 0.404297 0.620198 0.160156 0.195390
0 0.634766 0.350165 0.154297 0.149286
0 0.650391 0.282656 0.148438 0.150384
0 0.602051 0.400659 0.139648 0.116356
0 0.583008 0.467069 0.152344 0.099890
0 0.554688 0.515917 0.158203 0.107574
