0 0.242188 0.462891 0.481250 0.433594
0 0.650521 0.329297 0.285417 0.435156
0 0.150521 0.117969 0.295833 0.234375
1 0.416667 0.194922 0.198958 0.258594
1 0.343490 0.942969 0.093229 0.114062
1 0.434375 0.886719 0.100000 0.153125
1 0.534115 0.845313 0.114062 0.159375
1 0.635417 0.806641 0.112500 0.172656
1 0.737240 0.709375 0.123438 0.156250
1 0.831510 0.553125 0.116146 0.168750
1 0.923438 0.479297 0.115625 0.182031
1 0.905469 0.792188 0.127604 0.162500
1 0.962240 0.681250 0.074479 0.156250
1 0.769271 0.870703 0.132292 0.167969
1 0.604167 0.950391 0.133333 0.099219
1 0.460938 0.648828 0.229167 0.164844
0 0.081250 0.825781 0.161458 0.167187
0 0.173698 0.725781 0.246354 0.150000
