1 0.389451 0.276808 0.103797 0.147132
1 0.641772 0.177681 0.091983 0.148379
1 0.565823 0.391521 0.105485 0.147132
1 0.527004 0.575436 0.105485 0.155860
1 0.802110 0.538653 0.112236 0.144638
1 0.941350 0.501870 0.105485 0.148379
1 0.874684 0.899002 0.107173 0.157107
1 0.522363 0.807980 0.102954 0.154613
1 0.210970 0.836035 0.135021 0.173317
1 0.126160 0.570449 0.113924 0.143392
1 0.291561 0.457606 0.110549 0.142145
1 0.401266 0.422693 0.100422 0.147132
1 0.748101 0.374065 0.097046 0.142145
1 0.943882 0.276185 0.093671 0.133416
1 0.825316 0.195761 0.104641 0.142145
1 0.101688 0.109726 0.097046 0.137157
1 0.238397 0.187032 0.107173 0.149626
1 0.241350 0.330424 0.111392 0.144638
1 0.149789 0.276808 0.105485 0.147132
1 0.192405 0.487531 0.099578 0.134663
1 0.144726 0.729426 0.110549 0.154613
1 0.335443 0.625935 0.113924 0.154613
1 0.385232 0.737531 0.102110 0.155860
1 0.628692 0.648379 0.124895 0.154613
1 0.643038 0.862219 0.121519 0.133416
1 0.880169 0.644638 0.097890 0.124688
1 0.806329 0.818579 0.095359 0.150873
1 0.064135 0.401496 0.099578 0.149626
1 0.736287 0.231920 0.095359 0.124688
1 0.664557 0.423940 0.112236 0.142145
1 0.618565 0.506858 0.101266 0.145885
1 0.429114 0.566708 0.117300 0.148379
1 0.525738 0.939526 0.136709 0.120948
1 0.371730 0.905860 0.112236 0.145885
1 0.047257 0.885910 0.087764 0.163342
1 0.058650 0.665212 0.091983 0.143392
1 0.522785 0.253741 0.095359 0.135910
1 0.417722 0.077930 0.092827 0.123441
1 0.325316 0.163965 0.086920 0.125935
1 0.070464 0.202618 0.083544 0.110973
1 0.686076 0.092893 0.111392 0.125935
1 0.967089 0.112843 0.065823 0.150873
1 0.824473 0.319202 0.106329 0.139651
1 0.748523 0.372195 0.096203 0.150873
1 0.732911 0.614090 0.102110 0.143392
1 0.959916 0.631546 0.078481 0.130923
1 0.907173 0.765586 0.108017 0.152120
1 0.963291 0.893392 0.073418 0.148379
1 0.702110 0.960100 0.101266 0.079800
1 0.167511 0.955112 0.107173 0.089776
