1 0.645232 0.485134 0.218582 0.324873
1 0.522983 0.759246 0.189242 0.284264
1 0.903667 0.815446 0.177017 0.306744
1 0.350122 0.407542 0.184841 0.266860
1 0.352078 0.664249 0.180929 0.271211
1 0.838875 0.496012 0.169682 0.249456
1 0.197066 0.744743 0.162347 0.252357
1 0.109046 0.547861 0.107579 0.199420
1 0.218582 0.528281 0.138875 0.242930
1 0.176284 0.309645 0.152078 0.237854
1 0.558191 0.313270 0.155012 0.203046
1 0.657457 0.261784 0.125672 0.188542
1 0.425672 0.173314 0.112958 0.159536
1 0.076039 0.364032 0.127628 0.208847
1 0.106601 0.547861 0.099756 0.193619
1 0.055012 0.759608 0.104156 0.238579
1 0.032274 0.536983 0.058680 0.215373
1 0.486553 0.517404 0.112469 0.219724
1 0.737408 0.707759 0.177995 0.246555
