1 0.518000 0.306667 0.268000 0.352000
1 0.894000 0.300000 0.208000 0.301333
1 0.762000 0.458667 0.212000 0.256000
1 0.740000 0.700000 0.224000 0.258667
1 0.401000 0.844000 0.254000 0.312000
1 0.267000 0.636000 0.234000 0.285333
1 0.310000 0.336000 0.228000 0.330667
1 0.887000 0.877333 0.226000 0.240000
1 0.678000 0.936000 0.228000 0.128000
1 0.186000 0.892000 0.244000 0.216000
1 0.080000 0.752000 0.156000 0.202667
1 0.056000 0.541333 0.104000 0.202667
1 0.200000 0.190667 0.212000 0.306667
1 0.693000 0.061333 0.214000 0.117333
1 0.694000 0.225333 0.188000 0.232000
1 0.540000 0.732000 0.184000 0.253333
1 0.921000 0.592000 0.154000 0.256000
