1 0.590802 0.500000 0.153302 0.208481
1 0.485849 0.303887 0.150943 0.204947
1 0.273585 0.496466 0.150943 0.166078
1 0.873821 0.833922 0.120283 0.183746
1 0.525943 0.666078 0.127358 0.173145
1 0.712264 0.321555 0.141509 0.219081
1 0.962264 0.144876 0.075472 0.169611
1 0.229953 0.234982 0.139151 0.180212
1 0.353774 0.238516 0.136792 0.159011
1 0.154481 0.567138 0.153302 0.173145
1 0.279481 0.666078 0.120283 0.173145
1 0.397406 0.697880 0.139151 0.180212
1 0.252358 0.853357 0.141509 0.166078
1 0.652123 0.111307 0.148585 0.180212
1 0.524764 0.132509 0.129717 0.151943
1 0.783019 0.174912 0.113208 0.180212
1 0.132075 0.111307 0.141509 0.173145
1 0.074292 0.256184 0.129717 0.180212
1 0.156840 0.393993 0.120283 0.173145
1 0.070755 0.927562 0.117925 0.144876
1 0.359670 0.943463 0.106132 0.113074
1 0.543632 0.906360 0.172170 0.159011
1 0.692217 0.660777 0.139151 0.197880
1 0.833726 0.526502 0.134434 0.155477
1 0.812500 0.683746 0.110849 0.159011
1 0.910377 0.611307 0.122642 0.190813
1 0.859670 0.053004 0.143868 0.098940
1 0.371462 0.065371 0.129717 0.123675
1 0.241745 0.065371 0.139151 0.123675
1 0.060142 0.678445 0.115566 0.190813
1 0.390330 0.530035 0.115566 0.134276
1 0.725236 0.909894 0.162736 0.180212
