0 0.685937 0.463424 0.343750 0.492607
0 0.394792 0.593385 0.307292 0.472374
0 0.154688 0.791829 0.276042 0.383658
0 0.418490 0.895720 0.264062 0.208560
0 0.646615 0.836187 0.259896 0.327626
0 0.882292 0.794553 0.227083 0.410895
0 0.908594 0.389494 0.179688 0.452140
0 0.158594 0.500000 0.248438 0.369650
0 0.338542 0.285603 0.267708 0.189883
0 0.406771 0.131518 0.219792 0.233463
0 0.157292 0.189883 0.262500 0.250584
0 0.095833 0.436576 0.189583 0.392218
0 0.885938 0.126848 0.227083 0.250584
0 0.679167 0.130350 0.315625 0.251362
