1 0.377344 0.695079 0.201563 0.233743
1 0.789062 0.522847 0.215625 0.219684
1 0.557031 0.663445 0.195312 0.202109
1 0.552344 0.827768 0.167187 0.158172
1 0.715625 0.921793 0.218750 0.152900
1 0.489063 0.946397 0.175000 0.107206
1 0.930469 0.858524 0.139063 0.195079
1 0.796094 0.730228 0.207813 0.195079
1 0.511719 0.338313 0.170313 0.188049
1 0.096875 0.480668 0.156250 0.166960
1 0.078906 0.768893 0.148438 0.240773
1 0.237500 0.806678 0.181250 0.203866
1 0.874219 0.243409 0.173437 0.188049
1 0.759375 0.165202 0.121875 0.182777
1 0.453906 0.135325 0.164062 0.221441
1 0.294531 0.254833 0.123438 0.158172
1 0.137500 0.355009 0.146875 0.140598
