0 0.470833 0.388889 0.155000 0.191111
0 0.333333 0.406667 0.133333 0.182222
0 0.187500 0.414444 0.158333 0.184444
0 0.665000 0.232222 0.143333 0.175556
0 0.533333 0.232222 0.133333 0.175556
0 0.609167 0.382222 0.138333 0.177778
0 0.535000 0.540000 0.146667 0.200000
0 0.673333 0.535556 0.136667 0.204444
0 0.931667 0.514444 0.133333 0.193333
0 0.875833 0.656667 0.148333 0.175556
0 0.747500 0.687778 0.141667 0.166667
0 0.686667 0.842222 0.146667 0.177778
0 0.828333 0.830000 0.143333 0.180000
0 0.407500 0.855556 0.155000 0.177778
0 0.269167 0.880000 0.161667 0.182222
0 0.191667 0.715556 0.156667 0.177778
0 0.262500 0.564444 0.148333 0.173333
0 0.110000 0.563333 0.146667 0.180000
0 0.189167 0.113333 0.148333 0.182222
0 0.259167 0.250000 0.145000 0.171111
0 0.401667 0.235556 0.130000 0.173333
0 0.791667 0.223333 0.130000 0.171111
0 0.917500 0.224444 0.121667 0.160000
0 0.737500 0.372222 0.131667 0.175556
0 0.870000 0.368889 0.130000 0.173333
0 0.947500 0.092222 0.105000 0.148889
0 0.841667 0.083333 0.123333 0.140000
0 0.714167 0.086667 0.138333 0.155556
0 0.589167 0.085556 0.128333 0.140000
0 0.458333 0.088889 0.136667 0.142222
0 0.331667 0.101111 0.130000 0.162222
0 0.062500 0.112222 0.121667 0.184444
0 0.121667 0.260000 0.143333 0.173333
0 0.055833 0.411111 0.108333 0.186667
0 0.062500 0.735556 0.118333 0.191111
0 0.336667 0.715556 0.140000 0.168889
0 0.475833 0.698889 0.131667 0.162222
0 0.610000 0.698889 0.136667 0.171111
0 0.945000 0.810000 0.110000 0.188889
0 0.550000 0.860000 0.156667 0.168889
0 0.120833 0.888889 0.151667 0.146667
