1 0.409690 0.476875 0.232361 0.248750
1 0.842427 0.485000 0.192850 0.212500
1 0.898871 0.295000 0.198495 0.217500
1 0.508937 0.788125 0.222013 0.218750
1 0.904986 0.850000 0.182502 0.300000
1 0.244120 0.771250 0.224835 0.280000
1 0.136877 0.594375 0.196613 0.251250
1 0.588899 0.590625 0.152399 0.216250
1 0.460960 0.287500 0.165569 0.222500
1 0.653340 0.053750 0.221072 0.105000
1 0.269050 0.128750 0.182502 0.157500
1 0.206491 0.261250 0.158984 0.175000
1 0.111007 0.383750 0.154280 0.150000
1 0.689087 0.466250 0.136406 0.177500
1 0.648166 0.261875 0.148636 0.173750
1 0.094073 0.203750 0.159925 0.200000
1 0.117121 0.060000 0.183443 0.117500
1 0.954845 0.131250 0.090310 0.155000
1 0.094073 0.905000 0.186265 0.187500
1 0.621825 0.935000 0.188147 0.130000
1 0.378645 0.882500 0.158984 0.235000
1 0.746002 0.646875 0.161806 0.178750
1 0.913923 0.663125 0.172154 0.161250
1 0.720602 0.883125 0.188147 0.221250
