0 0.284375 0.723969 0.143750 0.280943
0 0.644531 0.626719 0.120313 0.204322
0 0.557813 0.842829 0.153125 0.212181
0 0.814063 0.863458 0.193750 0.194499
0 0.489063 0.601179 0.178125 0.168959
0 0.555469 0.466601 0.204687 0.143418
0 0.720313 0.321218 0.165625 0.139489
0 0.192188 0.455796 0.143750 0.196464
0 0.318750 0.483301 0.131250 0.165029
0 0.476562 0.197446 0.162500 0.135560
0 0.639062 0.201375 0.137500 0.147348
0 0.500000 0.330059 0.137500 0.141454
0 0.365625 0.364440 0.150000 0.111984
0 0.340625 0.231827 0.125000 0.145383
0 0.224219 0.328094 0.148438 0.102161
0 0.450781 0.094303 0.104688 0.106090
0 0.154688 0.769155 0.140625 0.202358
0 0.350000 0.942043 0.206250 0.115914
0 0.842969 0.701375 0.139063 0.176817
0 0.702344 0.472495 0.120313 0.163065
0 0.598437 0.346758 0.081250 0.100196
0 0.357812 0.094303 0.100000 0.102161
0 0.535156 0.060904 0.098437 0.090373
0 0.800000 0.439096 0.100000 0.190570
0 0.210156 0.621807 0.123438 0.119843
