0 0.549769 0.428602 0.236690 0.305990
0 0.865741 0.518446 0.233218 0.326823
0 0.377604 0.831814 0.260417 0.336372
0 0.790220 0.857856 0.237847 0.284288
0 0.136429 0.635417 0.232928 0.326389
0 0.213542 0.425130 0.202546 0.243490
0 0.625723 0.099392 0.227720 0.192708
0 0.875434 0.155599 0.228299 0.278212
0 0.705006 0.309896 0.221933 0.261285
0 0.485677 0.279731 0.227720 0.298177
0 0.263310 0.129123 0.217014 0.249566
0 0.061487 0.295356 0.122396 0.353733
0 0.346933 0.609375 0.204282 0.185764
0 0.116030 0.873481 0.221065 0.250434
0 0.445747 0.086155 0.162326 0.159288
0 0.704138 0.660807 0.197627 0.206163
