0 0.609197 0.167288 0.186435 0.263186
0 0.390980 0.302344 0.156250 0.234949
0 0.627308 0.419819 0.198509 0.256793
0 0.610973 0.712840 0.168679 0.273841
0 0.413707 0.715770 0.177557 0.260522
0 0.771839 0.805807 0.167969 0.261588
0 0.197266 0.760522 0.146662 0.216835
0 0.173118 0.293287 0.150213 0.216835
0 0.848544 0.548748 0.169389 0.233351
0 0.185547 0.504529 0.160866 0.239744
0 0.863991 0.291422 0.147017 0.205647
0 0.429510 0.927810 0.158026 0.144379
0 0.116300 0.916889 0.178622 0.166223
0 0.066939 0.386521 0.131747 0.207246
0 0.381570 0.084443 0.144531 0.166755
0 0.821555 0.072722 0.131747 0.139052
0 0.880327 0.904102 0.154119 0.191795
0 0.260653 0.068727 0.129972 0.133191
0 0.081499 0.054875 0.120384 0.105487
0 0.948686 0.103889 0.093395 0.140650
0 0.394709 0.503197 0.157315 0.189132
0 0.064453 0.597762 0.126776 0.207778
0 0.059304 0.805274 0.116477 0.192328
0 0.646307 0.917421 0.169744 0.165157
0 0.296520 0.608684 0.107955 0.198721
0 0.469993 0.158764 0.126065 0.231220
