0 0.248457 0.248457 0.270062 0.150206
0 0.518326 0.569959 0.249614 0.225309
0 0.530671 0.829733 0.223380 0.279835
0 0.312307 0.847994 0.196373 0.248457
0 0.216242 0.531636 0.285880 0.249486
0 0.149113 0.845165 0.119985 0.120370
0 0.305556 0.687243 0.113426 0.079218
0 0.219715 0.715535 0.086034 0.085391
0 0.186535 0.783179 0.066744 0.061214
0 0.771798 0.716307 0.236497 0.147634
0 0.793596 0.818673 0.251543 0.158951
0 0.754630 0.627572 0.233025 0.105967
0 0.481289 0.234311 0.187114 0.156893
0 0.235340 0.377058 0.141975 0.092593
0 0.265818 0.106739 0.162037 0.186728
