0 0.277549 0.827851 0.377467 0.344298
0 0.658854 0.878289 0.324287 0.243421
0 0.484649 0.495066 0.565789 0.478436
0 0.918037 0.695906 0.157346 0.246345
0 0.175439 0.175256 0.152412 0.163377
0 0.451891 0.165387 0.137884 0.135599
0 0.737390 0.128289 0.154057 0.168860
0 0.901453 0.274123 0.180647 0.264620
0 0.054825 0.534174 0.108004 0.202120
0 0.256168 0.297697 0.168586 0.150219
0 0.330592 0.129569 0.138706 0.149488
0 0.521793 0.069444 0.117599 0.127924
0 0.128289 0.057018 0.130482 0.109649
0 0.115406 0.408443 0.130482 0.158991
0 0.918448 0.911001 0.163103 0.162646
