0 0.192969 0.846995 0.196354 0.282592
0 0.374740 0.819282 0.208854 0.314598
0 0.669010 0.615535 0.216146 0.256831
0 0.471094 0.556987 0.189062 0.238095
0 0.299740 0.613193 0.167187 0.259953
0 0.543490 0.790788 0.127604 0.277908
0 0.683594 0.865730 0.176563 0.234192
0 0.929688 0.620219 0.140625 0.333333
0 0.871615 0.858314 0.196354 0.252147
0 0.366667 0.170180 0.177083 0.256050
0 0.239063 0.325137 0.162500 0.269321
0 0.626563 0.368072 0.140625 0.194379
0 0.462240 0.343482 0.158854 0.159251
0 0.923698 0.213895 0.152604 0.217018
0 0.921875 0.399688 0.156250 0.145199
0 0.733594 0.237315 0.164062 0.174863
0 0.912500 0.051132 0.175000 0.100703
0 0.774219 0.065574 0.139063 0.129586
0 0.626563 0.089774 0.179167 0.173302
0 0.534115 0.169009 0.161979 0.217799
0 0.232813 0.096019 0.150000 0.159251
0 0.774740 0.359485 0.145313 0.113193
0 0.747917 0.491023 0.135417 0.121780
