0 0.542318 0.629340 0.221354 0.250868
0 0.224772 0.779948 0.240560 0.303819
0 0.923014 0.723307 0.153971 0.216580
0 0.931152 0.093967 0.137695 0.187066
0 0.624512 0.350911 0.161784 0.195747
0 0.236165 0.326606 0.142904 0.176649
0 0.349772 0.353082 0.208008 0.335503
0 0.132324 0.553168 0.149414 0.208767
0 0.387858 0.677083 0.171549 0.225694
0 0.185059 0.095486 0.146810 0.169271
0 0.065430 0.453125 0.130208 0.220486
0 0.654622 0.800347 0.136719 0.133681
0 0.673014 0.938368 0.139648 0.123264
0 0.761068 0.123481 0.136719 0.242622
0 0.618978 0.131510 0.114258 0.173611
0 0.472168 0.105903 0.135091 0.154514
0 0.297038 0.075738 0.116862 0.147135
0 0.062826 0.088542 0.119792 0.153646
0 0.143392 0.261068 0.139648 0.213108
0 0.890462 0.915365 0.125326 0.159722
