0 0.520996 0.361979 0.352539 0.361979
0 0.372070 0.714193 0.265625 0.397135
0 0.902832 0.488281 0.194336 0.515625
0 0.671875 0.684245 0.304688 0.368490
0 0.752441 0.321615 0.235352 0.351562
0 0.116699 0.611979 0.231445 0.380208
0 0.094238 0.207031 0.186523 0.408854
0 0.589844 0.087891 0.380859 0.173177
0 0.292480 0.089193 0.249023 0.175781
0 0.264160 0.341797 0.178711 0.295573
0 0.881348 0.117188 0.237305 0.226562
0 0.543457 0.925130 0.368164 0.149740
0 0.898438 0.888021 0.203125 0.213542
0 0.121094 0.878906 0.234375 0.242188
