0 0.378299 0.285230 0.172695 0.144572
0 0.584392 0.196764 0.166504 0.156576
0 0.725318 0.246477 0.162920 0.137526
0 0.590746 0.379958 0.179211 0.127349
0 0.454057 0.459290 0.151515 0.143528
0 0.311828 0.462813 0.157706 0.154749
0 0.447214 0.642484 0.190616 0.144572
0 0.882046 0.640527 0.165526 0.148486
0 0.662105 0.519050 0.166830 0.126305
0 0.843760 0.296190 0.154122 0.128392
0 0.741773 0.379436 0.165200 0.132568
0 0.766862 0.068372 0.137830 0.130480
0 0.915934 0.080376 0.153144 0.138309
0 0.624633 0.069807 0.159009 0.121347
0 0.392799 0.054802 0.156729 0.103340
0 0.199739 0.087030 0.169436 0.137526
0 0.107527 0.187239 0.162920 0.127610
0 0.121864 0.314718 0.179211 0.129436
0 0.245520 0.273095 0.140437 0.144311
0 0.145161 0.673147 0.182796 0.135438
0 0.318182 0.716728 0.167807 0.146399
0 0.479146 0.827636 0.169110 0.137526
0 0.365754 0.902401 0.180189 0.140397
0 0.583089 0.909969 0.171717 0.135699
0 0.873737 0.943633 0.168459 0.112735
0 0.801890 0.829593 0.185728 0.131524
0 0.813131 0.472338 0.128055 0.129436
0 0.071848 0.836117 0.133920 0.132568
0 0.205442 0.824113 0.140437 0.120564
0 0.124471 0.487343 0.161616 0.109342
0 0.586347 0.662970 0.158032 0.137526
0 0.730531 0.704201 0.145324 0.115605
