0 0.621957 0.219157 0.225534 0.364751
0 0.307004 0.680460 0.181818 0.283525
0 0.493294 0.782759 0.230502 0.334866
0 0.687283 0.853640 0.189270 0.292720
0 0.831098 0.650958 0.189767 0.282759
0 0.829111 0.350958 0.198708 0.318774
0 0.647789 0.543295 0.194734 0.283525
0 0.445852 0.421456 0.222057 0.343295
0 0.238450 0.380843 0.193741 0.311111
0 0.111525 0.643295 0.206160 0.293487
0 0.281669 0.914176 0.210631 0.171648
0 0.086190 0.901149 0.166418 0.197701
0 0.389220 0.134100 0.211128 0.260536
0 0.854446 0.091188 0.212618 0.179310
0 0.956533 0.482759 0.081967 0.236015
0 0.975161 0.214943 0.041729 0.227586
0 0.193741 0.106897 0.169896 0.206130
0 0.072777 0.295785 0.144560 0.369349
0 0.866120 0.906513 0.163438 0.186973
0 0.967710 0.813410 0.062593 0.276628
