0 0.158333 0.666056 0.203333 0.255189
0 0.351250 0.639194 0.185833 0.282051
0 0.659583 0.661783 0.205833 0.253968
0 0.862917 0.630647 0.197500 0.277167
0 0.758333 0.880952 0.210000 0.233211
0 0.921250 0.868132 0.147500 0.263736
0 0.542083 0.868132 0.184167 0.227106
0 0.251667 0.887668 0.208333 0.224664
0 0.612500 0.447497 0.178333 0.199023
0 0.785833 0.428571 0.166667 0.219780
0 0.876250 0.255800 0.172500 0.223443
0 0.681250 0.247863 0.175833 0.219780
0 0.528333 0.260073 0.156667 0.197802
0 0.372500 0.260073 0.176667 0.214896
0 0.189583 0.258852 0.179167 0.212454
0 0.279167 0.426740 0.158333 0.216117
0 0.450417 0.440781 0.157500 0.200244
0 0.110833 0.446276 0.180000 0.211233
0 0.055000 0.280830 0.103333 0.271062
0 0.091250 0.089744 0.174167 0.174603
0 0.271667 0.083028 0.193333 0.156288
0 0.427500 0.086691 0.130000 0.166056
0 0.578333 0.083639 0.196667 0.164835
0 0.772500 0.083639 0.195000 0.164835
0 0.932083 0.095238 0.130833 0.188034
