0 0.526111 0.249064 0.098889 0.288390
0 0.663333 0.197566 0.268889 0.361423
0 0.724444 0.405431 0.168889 0.237828
0 0.719444 0.617978 0.118889 0.168539
0 0.638333 0.532772 0.116667 0.155431
0 0.566667 0.616105 0.084444 0.127341
0 0.917222 0.627341 0.163333 0.292135
0 0.839444 0.669476 0.172222 0.294007
0 0.391667 0.507491 0.092222 0.131086
0 0.312222 0.649813 0.095556 0.138577
0 0.235556 0.647004 0.066667 0.147940
0 0.179444 0.544944 0.098889 0.149813
0 0.287222 0.532772 0.092222 0.110487
0 0.423333 0.623596 0.064444 0.127341
0 0.150556 0.624532 0.072222 0.110487
0 0.374444 0.645131 0.062222 0.140449
0 0.442778 0.779963 0.070000 0.144195
0 0.628333 0.877341 0.285556 0.245318
0 0.630000 0.712547 0.211111 0.155431
0 0.905556 0.223783 0.188889 0.410112
0 0.249444 0.388577 0.170000 0.215356
0 0.311667 0.204120 0.132222 0.187266
0 0.180556 0.215356 0.145556 0.168539
0 0.405000 0.317416 0.161111 0.132959
0 0.068333 0.353933 0.132222 0.183521
