1 0.467187 0.535764 0.275000 0.365972
1 0.863542 0.369792 0.272917 0.370139
1 0.469010 0.853125 0.263021 0.293750
1 0.694271 0.638889 0.235417 0.326389
1 0.728646 0.898264 0.257292 0.202083
1 0.895573 0.675000 0.202604 0.258333
1 0.919271 0.896528 0.161458 0.180556
1 0.153385 0.455903 0.264062 0.318750
1 0.296094 0.185417 0.254688 0.286111
1 0.624740 0.107292 0.265104 0.210417
1 0.604688 0.321528 0.243750 0.241667
1 0.930990 0.101389 0.106771 0.172222
1 0.088542 0.749306 0.172917 0.345833
1 0.267969 0.857639 0.149479 0.280556
1 0.798438 0.091667 0.197917 0.179167
1 0.319271 0.619792 0.164583 0.235417
1 0.090885 0.274653 0.180729 0.190972
1 0.097917 0.102778 0.185417 0.201389
1 0.232813 0.043056 0.217708 0.084722
