1 0.396341 0.467192 0.178049 0.183727
1 0.579268 0.758530 0.173171 0.183727
1 0.730488 0.618110 0.153659 0.170604
1 0.723171 0.793963 0.168293 0.202100
1 0.618293 0.309711 0.168293 0.152231
1 0.823171 0.238845 0.163415 0.173228
1 0.765854 0.349081 0.151220 0.152231
1 0.091463 0.395013 0.148780 0.149606
1 0.301220 0.234908 0.158537 0.144357
1 0.428049 0.118110 0.173171 0.173228
1 0.571951 0.070866 0.143902 0.136483
1 0.468293 0.615486 0.175610 0.170604
1 0.313415 0.633858 0.158537 0.186352
1 0.232927 0.762467 0.168293 0.149606
1 0.180488 0.913386 0.185366 0.162730
1 0.553659 0.919948 0.185366 0.160105
1 0.868293 0.706037 0.165854 0.188976
1 0.940244 0.877953 0.119512 0.196850
1 0.945122 0.246719 0.104878 0.173228
1 0.903659 0.376640 0.134146 0.149606
1 0.630488 0.185039 0.173171 0.118110
1 0.160976 0.279528 0.126829 0.160105
1 0.156098 0.608924 0.165854 0.167979
1 0.079268 0.753281 0.148780 0.157480
1 0.380488 0.909449 0.170732 0.175853
1 0.736585 0.942257 0.170732 0.115486
1 0.890244 0.111549 0.141463 0.139108
1 0.246341 0.123360 0.160976 0.146982
