1 0.873176 0.825768 0.253649 0.267290
1 0.855287 0.584246 0.260591 0.198665
0 0.592916 0.753805 0.306871 0.469960
0 0.595052 0.452069 0.248487 0.152737
0 0.185831 0.513752 0.123888 0.198665
0 0.119794 0.754473 0.138127 0.203738
0 0.309541 0.859413 0.239943 0.281175
0 0.334105 0.622563 0.189391 0.168491
0 0.195799 0.657276 0.099680 0.114553
0 0.176664 0.932577 0.134033 0.134846
0 0.315593 0.480107 0.125311 0.144192
0 0.395158 0.305340 0.146671 0.155674
0 0.405482 0.446862 0.127447 0.159413
0 0.162691 0.339119 0.137415 0.176235
0 0.296636 0.276636 0.110538 0.121762
0 0.281773 0.129640 0.190103 0.219226
0 0.050018 0.536716 0.092560 0.289453
0 0.040762 0.833111 0.075472 0.284112
0 0.041118 0.224166 0.080456 0.126302
0 0.049306 0.343658 0.092560 0.115354
0 0.832147 0.352336 0.332503 0.285981
