1 0.250776 0.731051 0.387525 0.266604
1 0.716483 0.619231 0.365509 0.167917
1 0.724527 0.761914 0.185718 0.137336
1 0.432684 0.599250 0.172170 0.099812
1 0.930285 0.739775 0.139430 0.128330
1 0.706040 0.366041 0.151566 0.087805
1 0.504234 0.199719 0.136325 0.071107
1 0.949619 0.334991 0.097940 0.205441
0 0.513548 0.877111 0.283658 0.241276
0 0.311883 0.468199 0.613604 0.252720
0 0.856478 0.891182 0.284787 0.217636
0 0.746119 0.471295 0.228902 0.156098
0 0.250212 0.092495 0.255433 0.170732
0 0.662433 0.098405 0.541914 0.196435
0 0.837567 0.239681 0.200677 0.117261
0 0.326418 0.224109 0.652272 0.201689
0 0.965425 0.532552 0.066328 0.146154
