0 0.668551 0.526830 0.193379 0.264578
0 0.778462 0.783964 0.205692 0.342742
0 0.575495 0.755118 0.181671 0.273263
0 0.653008 0.276210 0.447719 0.206266
1 0.287344 0.791098 0.118894 0.172767
1 0.406237 0.657103 0.123335 0.183933
1 0.479411 0.522798 0.128381 0.178350
1 0.333670 0.525124 0.132015 0.179280
1 0.409669 0.380118 0.126564 0.183933
1 0.195801 0.454560 0.117481 0.157258
1 0.225777 0.259305 0.113646 0.170596
1 0.288555 0.376396 0.102342 0.144851
1 0.332560 0.247984 0.112434 0.158499
1 0.233751 0.620813 0.141300 0.183933
1 0.117784 0.342122 0.137061 0.245037
1 0.110719 0.558468 0.136254 0.196960
1 0.128482 0.766594 0.157247 0.239144
