0 0.093750 0.273958 0.125000 0.139583
0 0.228906 0.409375 0.132812 0.147917
0 0.717187 0.336458 0.115625 0.135417
0 0.507031 0.633333 0.120313 0.137500
0 0.203125 0.763542 0.143750 0.168750
0 0.564063 0.886458 0.137500 0.172917
0 0.400000 0.718750 0.128125 0.183333
0 0.453125 0.317708 0.096875 0.139583
0 0.190625 0.064583 0.137500 0.125000
0 0.398438 0.072917 0.106250 0.129167
0 0.622656 0.060417 0.107813 0.116667
0 0.860156 0.121875 0.104688 0.131250
0 0.764062 0.200000 0.115625 0.141667
0 0.828906 0.420833 0.114062 0.154167
0 0.721875 0.571875 0.115625 0.131250
0 0.788281 0.733333 0.104688 0.158333
0 0.878125 0.835417 0.106250 0.150000
0 0.179688 0.927083 0.137500 0.133333
0 0.099219 0.651042 0.110937 0.156250
0 0.283594 0.573958 0.107813 0.143750
0 0.388281 0.582292 0.123438 0.131250
0 0.514844 0.430208 0.120313 0.106250
0 0.566406 0.282292 0.098437 0.122917
0 0.346875 0.333333 0.100000 0.112500
0 0.092188 0.436458 0.109375 0.139583
0 0.078125 0.894792 0.093750 0.114583
0 0.671875 0.454167 0.109375 0.116667
0 0.964844 0.106250 0.064062 0.175000
0 0.196094 0.307292 0.098437 0.093750
0 0.420312 0.454167 0.078125 0.120833
0 0.600781 0.534375 0.101562 0.102083
0 0.606250 0.660417 0.103125 0.133333
0 0.739844 0.861458 0.126562 0.152083
0 0.936719 0.736458 0.120313 0.147917
