0 0.413333 0.318991 0.160000 0.186944
0 0.686667 0.289318 0.146667 0.181009
0 0.306667 0.813056 0.177778 0.267062
0 0.477778 0.875371 0.182222 0.249258
0 0.643333 0.731454 0.148889 0.192878
0 0.754444 0.580119 0.140000 0.186944
0 0.781111 0.406528 0.131111 0.166172
0 0.448889 0.508902 0.186667 0.198813
0 0.287778 0.489614 0.144444 0.207715
0 0.186667 0.721068 0.155556 0.172107
0 0.144444 0.529674 0.142222 0.198813
0 0.176667 0.264095 0.122222 0.160237
0 0.332222 0.219585 0.117778 0.124629
0 0.512222 0.160237 0.126667 0.142433
0 0.731111 0.137982 0.102222 0.121662
0 0.852222 0.286350 0.131111 0.151335
0 0.903333 0.482196 0.126667 0.181009
0 0.854444 0.658754 0.117778 0.201780
0 0.741111 0.793769 0.126667 0.192878
0 0.620000 0.890208 0.133333 0.154303
0 0.424444 0.681009 0.146667 0.151335
0 0.583333 0.562315 0.144444 0.192878
0 0.534444 0.362018 0.126667 0.178042
