0 0.327825 0.143777 0.192166 0.271613
0 0.473276 0.609749 0.208894 0.288780
0 0.813545 0.626609 0.190126 0.305334
0 0.312729 0.526364 0.174215 0.222563
0 0.117095 0.769773 0.139535 0.202943
0 0.436965 0.879828 0.203182 0.236665
0 0.561812 0.325567 0.133823 0.197425
0 0.634027 0.527590 0.147695 0.204169
0 0.876377 0.081852 0.218686 0.158798
0 0.158915 0.152054 0.135863 0.161864
0 0.136883 0.303801 0.117911 0.156346
0 0.132395 0.460147 0.139943 0.196812
0 0.250306 0.797364 0.139943 0.194359
0 0.222766 0.941447 0.145247 0.117106
0 0.060180 0.608216 0.119543 0.190067
0 0.033864 0.808706 0.066911 0.194972
0 0.033864 0.956468 0.066911 0.087063
0 0.586699 0.764255 0.156671 0.183323
0 0.881681 0.339362 0.151775 0.201717
0 0.752754 0.394850 0.134639 0.183936
0 0.641983 0.266401 0.133415 0.193133
0 0.469808 0.186695 0.114647 0.188228
0 0.053244 0.258430 0.094247 0.158798
0 0.730110 0.944206 0.152183 0.111588
