1 0.294191 0.387917 0.166146 0.229167
1 0.455340 0.433333 0.153654 0.191667
1 0.580262 0.290833 0.181137 0.195000
1 0.426921 0.884583 0.200500 0.230833
1 0.227358 0.793333 0.188632 0.233333
1 0.586821 0.846250 0.161774 0.214167
1 0.559026 0.620000 0.164897 0.223333
1 0.372892 0.593750 0.198626 0.224167
1 0.222673 0.577917 0.133042 0.200833
1 0.176140 0.387083 0.097439 0.187500
1 0.442224 0.125417 0.163648 0.235833
1 0.766396 0.292083 0.158651 0.224167
1 0.670831 0.445417 0.168645 0.179167
1 0.708932 0.658750 0.143660 0.232500
1 0.892567 0.408333 0.131168 0.221667
1 0.270144 0.221667 0.158026 0.148333
