0 0.216745 0.444386 0.131604 0.601342
0 0.607311 0.746292 0.155189 0.506709
0 0.226533 0.869174 0.378538 0.261653
0 0.223231 0.440855 0.133255 0.614760
0 0.649057 0.215219 0.112736 0.429732
0 0.465448 0.136123 0.281840 0.271540
0 0.088208 0.520480 0.140094 0.602401
0 0.372524 0.635064 0.168632 0.244703
1 0.764858 0.866172 0.184434 0.266949
1 0.743868 0.478107 0.149057 0.267655
1 0.532783 0.456744 0.119811 0.181850
1 0.798585 0.293962 0.125943 0.200212
1 0.922170 0.304379 0.155660 0.185028
1 0.838090 0.659251 0.199292 0.237288
1 0.739858 0.148482 0.137264 0.135946
1 0.927241 0.176730 0.145519 0.186794
1 0.878656 0.487112 0.125708 0.160664
1 0.931132 0.891949 0.136792 0.215395
