1 0.252911 0.817402 0.280944 0.285948
1 0.492341 0.884804 0.285539 0.230392
1 0.880668 0.839461 0.238664 0.321078
1 0.714461 0.891953 0.340686 0.216095
1 0.102788 0.776144 0.198223 0.326797
1 0.058824 0.452206 0.114583 0.223856
1 0.138634 0.526144 0.250919 0.275327
1 0.258119 0.623775 0.255208 0.224673
1 0.508885 0.422386 0.175858 0.285131
1 0.661918 0.472018 0.220282 0.237337
1 0.693168 0.602533 0.273591 0.234477
1 0.637408 0.238358 0.186581 0.222631
1 0.819700 0.179126 0.165748 0.187500
1 0.934130 0.159518 0.131127 0.177696
1 0.106618 0.217729 0.207108 0.245098
1 0.398438 0.300041 0.363051 0.406454
1 0.500153 0.041871 0.999694 0.082925
