0 0.879564 0.344496 0.239000 0.322839
0 0.877959 0.093343 0.240605 0.186284
1 0.165039 0.517646 0.147118 0.213154
1 0.124983 0.712252 0.141634 0.188891
1 0.221212 0.826449 0.150595 0.182675
1 0.151331 0.320333 0.152066 0.204732
1 0.216598 0.159916 0.142972 0.210748
1 0.078976 0.165230 0.121038 0.168839
1 0.078574 0.582916 0.099371 0.188891
1 0.050288 0.562663 0.100308 0.188891
1 0.080714 0.882294 0.131737 0.203730
1 0.255918 0.658713 0.130132 0.190896
1 0.139428 0.044917 0.211181 0.086625
1 0.264077 0.404151 0.126655 0.197514
1 0.167781 0.944957 0.080647 0.109685
1 0.056774 0.398336 0.109268 0.175055
1 0.024341 0.230600 0.048415 0.168839
0 0.400562 0.166132 0.182961 0.301785
0 0.444898 0.484861 0.191387 0.278725
0 0.628394 0.434931 0.156881 0.287949
0 0.568811 0.693804 0.194196 0.238620
0 0.400963 0.758372 0.169587 0.194105
0 0.580781 0.157209 0.175873 0.275516
0 0.808546 0.613395 0.119165 0.269100
0 0.408586 0.918789 0.275244 0.162422
0 0.640966 0.905354 0.175338 0.188891
0 0.716330 0.736816 0.110740 0.239623
0 0.861107 0.852216 0.256654 0.295568
0 0.935469 0.607279 0.129062 0.322639
0 0.715528 0.213756 0.124649 0.403048
