0 0.171875 0.343364 0.189308 0.262346
0 0.323993 0.175347 0.233213 0.326775
0 0.523244 0.247106 0.178719 0.239583
0 0.497805 0.495949 0.189824 0.282022
0 0.307335 0.521798 0.182851 0.300540
0 0.253487 0.791860 0.223399 0.259645
0 0.455837 0.774691 0.182851 0.279321
0 0.131586 0.619020 0.201705 0.317515
0 0.047004 0.413773 0.093492 0.255015
0 0.078900 0.879823 0.154700 0.240355
0 0.636364 0.166667 0.143079 0.205247
0 0.540031 0.061343 0.174587 0.113426
0 0.641529 0.672261 0.223657 0.161651
0 0.861441 0.180556 0.277118 0.360340
0 0.817278 0.586998 0.231663 0.339892
0 0.746643 0.842785 0.502066 0.313657
