0 0.461121 0.091675 0.322914 0.162439
0 0.635624 0.256825 0.322914 0.191481
0 0.246319 0.520232 0.332214 0.148693
0 0.408099 0.703679 0.386076 0.117135
0 0.121674 0.705615 0.241023 0.115198
0 0.153772 0.909100 0.281968 0.175218
0 0.461121 0.879477 0.320072 0.202323
0 0.792625 0.871249 0.324076 0.257115
0 0.718484 0.636399 0.273444 0.305518
0 0.898993 0.181317 0.200982 0.361471
0 0.157647 0.067280 0.309868 0.094676
0 0.181671 0.224492 0.353526 0.206583
0 0.149445 0.342691 0.210282 0.079380
0 0.115280 0.559826 0.227977 0.191481
0 0.142599 0.787609 0.281323 0.134366
0 0.529773 0.498742 0.188711 0.260213
0 0.928701 0.507648 0.142599 0.280736
0 0.929024 0.695644 0.141953 0.095257
0 0.803733 0.088287 0.349393 0.160310
