0 0.534884 0.412064 0.359173 0.167636
0 0.783592 0.323038 0.316537 0.146560
0 0.780362 0.172481 0.276486 0.145349
0 0.527132 0.091085 0.222222 0.181686
0 0.258236 0.445494 0.221899 0.209302
0 0.726421 0.731468 0.264858 0.312258
0 0.377422 0.891473 0.267119 0.217054
0 0.865633 0.892684 0.264212 0.214147
0 0.139535 0.352592 0.278424 0.174661
0 0.087532 0.509932 0.167959 0.142442
0 0.301034 0.680596 0.227390 0.146560
0 0.314276 0.576308 0.257106 0.116279
0 0.483689 0.724564 0.199935 0.141473
0 0.588986 0.874516 0.239987 0.250969
0 0.183463 0.867127 0.201550 0.232316
0 0.060724 0.656977 0.111111 0.141473
0 0.145349 0.700339 0.130491 0.147287
0 0.065245 0.869671 0.123385 0.260659
0 0.503068 0.228198 0.212855 0.121124
0 0.164083 0.071463 0.263566 0.141473
0 0.083010 0.148256 0.153747 0.234496
0 0.345284 0.146197 0.200258 0.184351
0 0.845284 0.041667 0.177003 0.079457
0 0.891473 0.534884 0.217054 0.153101
0 0.950581 0.736192 0.093023 0.112403
0 0.330426 0.273498 0.165375 0.101744
0 0.458333 0.312379 0.147287 0.068556
0 0.949289 0.411701 0.100775 0.083091
0 0.775840 0.437742 0.169251 0.096899
0 0.602390 0.289729 0.143411 0.089147
0 0.686047 0.047844 0.198966 0.093750
0 0.936047 0.096899 0.127907 0.134205
