0 0.476250 0.356667 0.132500 0.173333
0 0.612500 0.540000 0.115000 0.153333
0 0.886250 0.670000 0.147500 0.206667
0 0.558750 0.880000 0.192500 0.226667
0 0.370000 0.886667 0.155000 0.213333
0 0.560000 0.671667 0.135000 0.170000
0 0.756250 0.538333 0.137500 0.183333
0 0.893750 0.486667 0.132500 0.153333
0 0.332500 0.541667 0.150000 0.183333
0 0.265000 0.416667 0.130000 0.146667
0 0.481250 0.515000 0.112500 0.143333
0 0.597500 0.328333 0.120000 0.203333
0 0.802500 0.301667 0.120000 0.136667
0 0.187500 0.760000 0.170000 0.213333
0 0.130000 0.600000 0.160000 0.180000
0 0.251250 0.210000 0.117500 0.146667
0 0.148750 0.401667 0.102500 0.150000
0 0.447500 0.150000 0.110000 0.126667
0 0.582500 0.175000 0.110000 0.123333
0 0.695000 0.421667 0.120000 0.116667
0 0.693750 0.833333 0.117500 0.220000
0 0.341250 0.320000 0.102500 0.106667
0 0.413750 0.660000 0.122500 0.146667
