0 0.155556 0.546094 0.262500 0.607812
0 0.782639 0.205990 0.426389 0.217188
0 0.433681 0.685937 0.342361 0.392708
0 0.740278 0.660417 0.519444 0.311458
0 0.805556 0.893490 0.381944 0.213021
0 0.608681 0.916667 0.304861 0.166667
0 0.368056 0.188542 0.315278 0.252083
0 0.096528 0.071615 0.183333 0.139063
0 0.368750 0.054948 0.131944 0.108854
0 0.699653 0.074740 0.335417 0.122396
0 0.934028 0.059635 0.131944 0.117188
0 0.779514 0.417708 0.440972 0.188542
0 0.265625 0.928125 0.515972 0.143750
0 0.449306 0.413542 0.323611 0.192708
