1 0.317188 0.671978 0.203125 0.251172
1 0.681562 0.567010 0.181875 0.232427
1 0.494688 0.484536 0.140625 0.245548
1 0.626875 0.126523 0.145000 0.228679
1 0.389062 0.216495 0.156875 0.161200
1 0.145313 0.513121 0.130625 0.195876
1 0.462813 0.868791 0.170625 0.236176
1 0.808438 0.894564 0.170625 0.192127
1 0.936562 0.862231 0.126875 0.243674
1 0.905000 0.317245 0.158750 0.212746
1 0.943125 0.492034 0.113750 0.179944
1 0.907188 0.665417 0.135625 0.219306
1 0.253750 0.901593 0.141250 0.196813
1 0.142187 0.895970 0.123125 0.208060
1 0.538125 0.768510 0.120000 0.223055
1 0.185000 0.122306 0.142500 0.195876
1 0.089375 0.208529 0.120000 0.201500
1 0.288125 0.477976 0.142500 0.215558
1 0.106563 0.664948 0.119375 0.201500
1 0.194062 0.710403 0.103125 0.211809
1 0.712187 0.351921 0.131875 0.184630
1 0.798750 0.099813 0.141250 0.197751
1 0.483438 0.171978 0.143125 0.212746
