1 0.694167 0.635613 0.271667 0.379717
1 0.480833 0.812500 0.265000 0.365566
1 0.434167 0.448113 0.295000 0.372642
1 0.671667 0.336085 0.266667 0.275943
1 0.912500 0.365566 0.175000 0.325472
1 0.709167 0.104953 0.261667 0.205189
1 0.441667 0.135613 0.280000 0.266509
1 0.190833 0.224057 0.255000 0.316038
1 0.147500 0.530660 0.241667 0.297170
1 0.230000 0.850236 0.266667 0.299528
1 0.482500 0.817217 0.255000 0.356132
1 0.713333 0.918632 0.263333 0.162736
1 0.902500 0.803066 0.195000 0.360849
1 0.920000 0.101415 0.160000 0.193396
