0 0.418490 0.491016 0.217188 0.338281
0 0.323958 0.751953 0.253125 0.333594
0 0.726823 0.300391 0.209896 0.355469
0 0.894271 0.274609 0.154167 0.310156
0 0.302344 0.105078 0.289062 0.207031
0 0.572917 0.137891 0.136458 0.274219
0 0.757292 0.088672 0.169792 0.171094
0 0.904167 0.071484 0.163542 0.141406
0 0.665625 0.788672 0.293750 0.422656
0 0.854688 0.861328 0.120833 0.275781
0 0.968750 0.748437 0.062500 0.350000
0 0.243490 0.462891 0.185938 0.235156
0 0.059375 0.189844 0.117708 0.228125
0 0.058854 0.509766 0.116667 0.216406
0 0.078646 0.800000 0.155208 0.240625
0 0.152083 0.934766 0.125000 0.124219
0 0.460938 0.827344 0.128125 0.314063
0 0.744010 0.535547 0.133854 0.147656
0 0.626042 0.448047 0.114583 0.275781
0 0.970313 0.439453 0.055208 0.280469
0 0.913542 0.662109 0.087500 0.196094
0 0.828646 0.650391 0.098958 0.208594
0 0.302865 0.294531 0.120313 0.171875
0 0.429688 0.273828 0.138542 0.163281
0 0.540365 0.337891 0.076563 0.149219
0 0.115885 0.062891 0.119271 0.121094
0 0.112240 0.369141 0.140104 0.217969
0 0.157292 0.654687 0.151042 0.253125
0 0.042188 0.651172 0.077083 0.128906
0 0.477083 0.110156 0.066667 0.203125
