1 0.439706 0.166016 0.452941 0.214844
0 0.774265 0.242676 0.154412 0.098633
0 0.772059 0.153809 0.138235 0.086914
0 0.904412 0.197754 0.147059 0.088867
1 0.149265 0.430176 0.236765 0.137695
1 0.236765 0.320801 0.229412 0.133789
1 0.119118 0.254395 0.191176 0.112305
1 0.060294 0.358887 0.117647 0.122070
1 0.446324 0.544922 0.427941 0.263672
1 0.746324 0.806641 0.166176 0.125000
1 0.947059 0.690430 0.105882 0.099609
1 0.302206 0.874512 0.195588 0.137695
1 0.061765 0.678711 0.114706 0.076172
0 0.774265 0.357422 0.160294 0.097656
0 0.758824 0.458008 0.170588 0.111328
0 0.916912 0.470215 0.163235 0.114258
0 0.664706 0.386719 0.108824 0.082031
0 0.939706 0.324219 0.120588 0.091797
0 0.916912 0.470215 0.163235 0.114258
