1 0.170313 0.634207 0.184375 0.182272
1 0.671094 0.585518 0.157812 0.172285
1 0.530469 0.680400 0.192188 0.149813
1 0.205469 0.916979 0.179688 0.166042
1 0.537500 0.912609 0.193750 0.127341
1 0.825000 0.803995 0.181250 0.159800
1 0.613281 0.293383 0.189062 0.179775
1 0.306250 0.337079 0.156250 0.117353
1 0.314063 0.109863 0.143750 0.137328
1 0.539844 0.077403 0.167187 0.144819
1 0.842187 0.112984 0.165625 0.131086
1 0.767969 0.249064 0.145313 0.171036
1 0.903125 0.271536 0.150000 0.176030
1 0.803906 0.404494 0.198437 0.159800
1 0.522656 0.461298 0.135937 0.083645
1 0.648438 0.445069 0.106250 0.118602
1 0.258594 0.443820 0.176563 0.116105
1 0.095312 0.243446 0.181250 0.134831
1 0.201563 0.176654 0.134375 0.136080
1 0.377344 0.690387 0.142187 0.164794
1 0.652344 0.955056 0.198437 0.089888
