0 0.631836 0.164117 0.142578 0.325452
0 0.356934 0.264951 0.270508 0.324061
0 0.307129 0.623088 0.475586 0.292072
0 0.853516 0.309458 0.292969 0.360223
0 0.890137 0.711405 0.219727 0.521558
0 0.808594 0.785814 0.255859 0.325452
0 0.626465 0.899166 0.147461 0.201669
0 0.166504 0.197497 0.247070 0.317107
0 0.329590 0.833102 0.163086 0.222531
0 0.138184 0.873435 0.272461 0.230876
0 0.598145 0.474270 0.192383 0.180807
0 0.663086 0.605007 0.310547 0.178025
0 0.626465 0.761474 0.151367 0.146036
0 0.102539 0.409597 0.203125 0.176634
0 0.836426 0.080668 0.180664 0.158554
