1 0.438208 0.137251 0.299057 0.214134
1 0.729717 0.146129 0.283962 0.216264
1 0.581604 0.332564 0.300000 0.208452
1 0.865094 0.320490 0.269811 0.202060
1 0.742217 0.514560 0.311792 0.223011
1 0.638679 0.720170 0.306604 0.215909
1 0.547877 0.904297 0.269340 0.191406
1 0.796462 0.903764 0.255189 0.192472
1 0.875000 0.708452 0.250000 0.225852
1 0.944575 0.509055 0.106132 0.194247
1 0.932075 0.136541 0.135849 0.165128
1 0.350943 0.732067 0.289623 0.209872
1 0.457783 0.527876 0.314623 0.216264
1 0.299292 0.338423 0.295755 0.215909
1 0.151179 0.155895 0.272170 0.192472
1 0.087028 0.338423 0.162736 0.210227
1 0.168396 0.536222 0.293396 0.210938
1 0.101415 0.730114 0.188679 0.208097
1 0.093868 0.911222 0.176415 0.177557
1 0.312500 0.911044 0.267453 0.173651
