0 0.482812 0.383333 0.178125 0.208333
0 0.185938 0.339583 0.159375 0.262500
0 0.134375 0.895833 0.193750 0.208333
0 0.320312 0.797917 0.146875 0.204167
0 0.485938 0.610417 0.178125 0.245833
0 0.676562 0.593750 0.128125 0.187500
0 0.585938 0.914583 0.140625 0.170833
0 0.412500 0.145833 0.168750 0.158333
0 0.806250 0.295833 0.143750 0.200000
0 0.789062 0.583333 0.121875 0.158333
0 0.814063 0.743750 0.115625 0.145833
0 0.767188 0.893750 0.159375 0.195833
0 0.192188 0.093750 0.190625 0.170833
0 0.942187 0.289583 0.109375 0.362500
0 0.679688 0.416667 0.153125 0.175000
0 0.592187 0.164583 0.165625 0.220833
0 0.334375 0.427083 0.143750 0.170833
0 0.185938 0.543750 0.146875 0.145833
0 0.193750 0.704167 0.125000 0.158333
0 0.429688 0.929167 0.153125 0.141667
0 0.456250 0.766667 0.156250 0.166667
0 0.671875 0.760417 0.137500 0.145833
0 0.059375 0.439583 0.112500 0.187500
0 0.778125 0.095833 0.156250 0.166667
