1 0.364772 0.640755 0.194545 0.439756
1 0.503451 0.797890 0.207690 0.278734
1 0.912751 0.753748 0.171870 0.289284
1 0.679757 0.481399 0.196188 0.240977
1 0.681236 0.608273 0.178771 0.232649
1 0.094808 0.328429 0.186987 0.158245
1 0.089057 0.584120 0.175485 0.234314
1 0.155439 0.785397 0.162997 0.194892
1 0.788860 0.231260 0.192902 0.220433
1 0.887447 0.560522 0.178442 0.198223
1 0.373316 0.169628 0.222149 0.153803
1 0.554223 0.205719 0.129149 0.159356
1 0.683372 0.827041 0.181729 0.196002
0 0.146895 0.929484 0.113704 0.141033
0 0.053073 0.054414 0.104831 0.107718
0 0.081006 0.151305 0.105488 0.103831
0 0.175978 0.132149 0.071311 0.132149
0 0.372823 0.068018 0.228393 0.134925
0 0.660697 0.094947 0.088400 0.125486
0 0.929839 0.105497 0.140322 0.195447
1 0.930332 0.307885 0.139336 0.204886
