1 0.488908 0.391782 0.287230 0.429977
0 0.791184 0.531829 0.244406 0.340856
0 0.233218 0.529659 0.334491 0.458623
0 0.378762 0.144676 0.310764 0.280671
1 0.803434 0.126157 0.168596 0.234375
1 0.666860 0.264323 0.170139 0.219618
1 0.925637 0.155093 0.088542 0.151042
1 0.914062 0.728443 0.075810 0.129919
1 0.973862 0.721644 0.049190 0.145833
1 0.607928 0.093316 0.168017 0.182002
1 0.981481 0.180411 0.033565 0.117766
0 0.042149 0.723524 0.083912 0.551215
0 0.155093 0.882234 0.136188 0.235532
0 0.111883 0.148872 0.218750 0.292535
