0 0.519531 0.649414 0.315104 0.318359
0 0.808594 0.785156 0.242188 0.339844
0 0.591797 0.893555 0.350260 0.212891
0 0.291667 0.857422 0.273438 0.285156
0 0.907552 0.204102 0.184896 0.404297
0 0.735677 0.451172 0.281250 0.359375
0 0.944661 0.583984 0.110677 0.492188
0 0.365885 0.418945 0.335938 0.240234
0 0.694010 0.159180 0.283854 0.306641
0 0.433594 0.161133 0.234375 0.318359
0 0.170573 0.156250 0.338542 0.300781
0 0.144531 0.583984 0.283854 0.328125
0 0.003906 0.709961 0.000000 0.001953
0 0.080078 0.859375 0.154948 0.281250
0 0.104818 0.339844 0.207031 0.312500
