1 0.336914 0.160156 0.169922 0.260417
1 0.700684 0.151042 0.161133 0.226562
1 0.477051 0.527995 0.135742 0.167969
1 0.706543 0.389974 0.165039 0.217448
1 0.876465 0.399740 0.153320 0.203125
1 0.770020 0.669922 0.172852 0.186198
1 0.532227 0.672526 0.146484 0.167969
1 0.552246 0.889974 0.168945 0.196615
1 0.285156 0.867839 0.156250 0.214844
1 0.241699 0.639323 0.141602 0.184896
1 0.093750 0.621745 0.152344 0.194010
1 0.078613 0.313802 0.149414 0.200521
1 0.187988 0.191406 0.143555 0.239583
1 0.236328 0.360677 0.148438 0.203125
1 0.556152 0.236979 0.139648 0.171875
1 0.473145 0.345703 0.143555 0.196615
1 0.582520 0.482422 0.133789 0.209635
1 0.400391 0.678385 0.128906 0.179688
1 0.715820 0.863281 0.146484 0.200521
1 0.874023 0.762370 0.123047 0.167969
1 0.920410 0.059245 0.149414 0.115885
1 0.495605 0.079427 0.153320 0.156250
1 0.060059 0.156250 0.112305 0.130208
1 0.177734 0.480469 0.136719 0.174479
1 0.142578 0.781901 0.146484 0.188802
