1 0.500657 0.460627 0.258349 0.390629
0 0.363884 0.704770 0.225328 0.589331
0 0.840619 0.513548 0.257598 0.312447
0 0.615385 0.765171 0.211632 0.252893
0 0.861820 0.880751 0.276360 0.234547
0 0.087899 0.845470 0.171670 0.309060
0 0.745403 0.289303 0.152345 0.177251
0 0.870263 0.092436 0.191182 0.184307
0 0.238462 0.323737 0.323452 0.635055
0 0.584053 0.951877 0.150844 0.095117
0 0.219325 0.732007 0.084428 0.353655
0 0.048030 0.392323 0.095685 0.377646
0 0.236773 0.932261 0.142589 0.135478
0 0.152627 0.169066 0.053471 0.254022
