0 0.814140 0.791233 0.108603 0.254919
0 0.917728 0.782697 0.131752 0.280671
0 0.517072 0.794416 0.104360 0.186632
0 0.549286 0.273293 0.113619 0.261285
0 0.655093 0.246672 0.113812 0.254919
0 0.652971 0.468027 0.126157 0.219618
0 0.764468 0.339988 0.128086 0.226852
0 0.378279 0.242477 0.130015 0.280671
0 0.241802 0.655093 0.124035 0.212384
0 0.333044 0.720341 0.103588 0.208044
0 0.585069 0.711661 0.087963 0.192998
0 0.676698 0.715712 0.097994 0.215567
0 0.438754 0.827546 0.107832 0.220486
0 0.210552 0.475405 0.092785 0.217593
0 0.230903 0.283420 0.067901 0.161748
0 0.122106 0.513166 0.094907 0.176794
0 0.061728 0.546730 0.062886 0.145544
0 0.147087 0.642506 0.081983 0.195891
0 0.741416 0.925637 0.101659 0.148727
0 0.449171 0.366753 0.088542 0.203993
0 0.164931 0.315249 0.067901 0.147859
