0 0.429957 0.691076 0.120450 0.162289
0 0.188937 0.523030 0.152778 0.116229
0 0.085010 0.589601 0.094349 0.091040
0 0.147510 0.696653 0.098659 0.098597
0 0.315254 0.706189 0.084531 0.117668
0 0.593151 0.718604 0.090996 0.143937
0 0.409004 0.815221 0.118295 0.115509
0 0.206777 0.805685 0.108477 0.130263
0 0.384698 0.484887 0.107998 0.207629
0 0.601652 0.446564 0.273707 0.251889
0 0.807711 0.623606 0.248084 0.301547
0 0.440733 0.355344 0.271791 0.160849
0 0.346863 0.767902 0.146312 0.255488
0 0.649904 0.845808 0.321360 0.116229
0 0.530532 0.612451 0.145833 0.155452
0 0.217912 0.410220 0.140805 0.094279
0 0.067529 0.719503 0.119732 0.156531
