1 0.614124 0.486724 0.233150 0.225899
1 0.599571 0.698325 0.219975 0.229984
1 0.873468 0.900327 0.243873 0.199346
1 0.212929 0.697508 0.272672 0.240605
1 0.357384 0.915441 0.260110 0.169118
1 0.162531 0.459763 0.241115 0.253676
1 0.163756 0.170752 0.200061 0.296569
1 0.336703 0.148080 0.188113 0.180964
1 0.364583 0.313725 0.183824 0.193627
1 0.607230 0.280229 0.193627 0.169935
1 0.727635 0.401757 0.234681 0.182598
1 0.892310 0.228758 0.170037 0.180556
1 0.944240 0.656863 0.111520 0.189542
1 0.367341 0.502247 0.189338 0.192402
1 0.561121 0.072100 0.233762 0.143382
1 0.758272 0.246324 0.129902 0.153595
1 0.841452 0.098652 0.126532 0.104984
