1 0.684599 0.323944 0.255274 0.281690
1 0.657173 0.592958 0.242616 0.245070
1 0.847046 0.849296 0.276371 0.290141
1 0.457806 0.802817 0.236287 0.259155
1 0.330169 0.605634 0.208861 0.287324
1 0.368143 0.307042 0.196203 0.326761
1 0.198312 0.349296 0.177215 0.264789
1 0.504219 0.129577 0.181435 0.230986
1 0.886076 0.238028 0.185654 0.239437
1 0.854430 0.521127 0.210970 0.253521
1 0.156118 0.797183 0.172996 0.304225
1 0.274262 0.860563 0.151899 0.267606
1 0.649789 0.860563 0.160338 0.278873
1 0.070675 0.585915 0.137131 0.366197
1 0.127637 0.202817 0.208861 0.259155
1 0.714135 0.146479 0.196203 0.191549
1 0.235232 0.053521 0.183544 0.101408
