1 0.109871 0.627361 0.097057 0.125497
1 0.286872 0.622888 0.091270 0.131958
1 0.344329 0.815234 0.098380 0.123012
1 0.173198 0.799702 0.121528 0.156561
1 0.380952 0.938370 0.101521 0.121272
1 0.479001 0.959369 0.084656 0.081262
1 0.074405 0.776342 0.120701 0.168986
1 0.257192 0.941228 0.136078 0.115557
1 0.210979 0.392893 0.096230 0.088469
1 0.132937 0.345179 0.099868 0.131710
1 0.053323 0.523236 0.106316 0.145378
1 0.171627 0.773236 0.092593 0.185636
1 0.371528 0.412028 0.091270 0.129722
1 0.489501 0.426193 0.068287 0.092942
1 0.395916 0.605244 0.088459 0.141402
1 0.516452 0.632207 0.109292 0.119781
1 0.447421 0.708375 0.070437 0.108101
1 0.528604 0.713718 0.100529 0.149105
1 0.610863 0.808400 0.076885 0.130716
1 0.779018 0.434394 0.068287 0.089960
1 0.631118 0.416377 0.053902 0.077783
1 0.663277 0.597043 0.063988 0.080268
1 0.585731 0.532679 0.063988 0.093688
1 0.721561 0.842073 0.102844 0.183648
1 0.925513 0.612202 0.092097 0.188121
1 0.746693 0.900721 0.115741 0.159791
1 0.657655 0.557406 0.131779 0.113320
1 0.523479 0.867545 0.119378 0.108847
1 0.914352 0.891526 0.167328 0.216948
1 0.808284 0.675696 0.146660 0.272366
1 0.805969 0.503231 0.122189 0.198807
1 0.689236 0.715209 0.191964 0.173956
