1 0.255469 0.528103 0.198437 0.316159
1 0.492969 0.731850 0.220312 0.306792
1 0.282813 0.285714 0.190625 0.215457
1 0.741406 0.512881 0.207813 0.285714
1 0.190625 0.889930 0.215625 0.220141
1 0.081250 0.555035 0.159375 0.271663
1 0.070312 0.325527 0.137500 0.252927
1 0.424219 0.326698 0.148438 0.269321
1 0.710156 0.340749 0.185938 0.203747
1 0.547656 0.521077 0.176563 0.175644
1 0.932031 0.729508 0.135937 0.236534
1 0.750000 0.943794 0.193750 0.112412
1 0.521875 0.106557 0.162500 0.208431
1 0.185156 0.104215 0.160938 0.185012
1 0.558594 0.380562 0.154688 0.156909
1 0.843750 0.141686 0.156250 0.213115
1 0.854688 0.402810 0.137500 0.252927
1 0.784375 0.765808 0.156250 0.234192
1 0.546094 0.937939 0.204687 0.124122
1 0.300781 0.816159 0.185938 0.269321
1 0.103125 0.779859 0.193750 0.201405
1 0.046094 0.122951 0.089063 0.161593
1 0.335938 0.127635 0.159375 0.142857
1 0.671875 0.129977 0.153125 0.203747
