0 0.423333 0.304000 0.253333 0.353778
0 0.170333 0.396444 0.263333 0.369778
0 0.272000 0.693333 0.234667 0.295111
0 0.519333 0.629333 0.250667 0.341333
0 0.757333 0.637333 0.230667 0.320000
0 0.674667 0.301333 0.233333 0.373333
0 0.906000 0.286667 0.188000 0.377778
0 0.141000 0.099111 0.278000 0.196444
0 0.369000 0.064889 0.224667 0.128000
0 0.595000 0.069778 0.211333 0.137778
0 0.109000 0.860444 0.211333 0.270222
0 0.533667 0.895556 0.220667 0.198222
0 0.767000 0.903111 0.234000 0.193778
0 0.934000 0.850667 0.132000 0.266667
