0 0.689167 0.336250 0.201667 0.272500
0 0.345833 0.461250 0.191667 0.167500
0 0.213333 0.628750 0.186667 0.302500
0 0.465833 0.725000 0.211667 0.210000
0 0.230833 0.883750 0.258333 0.232500
0 0.595833 0.868750 0.188333 0.262500
0 0.784167 0.566250 0.185000 0.197500
0 0.772500 0.856250 0.175000 0.282500
0 0.856667 0.375000 0.160000 0.225000
0 0.419167 0.277500 0.171667 0.190000
0 0.210833 0.147500 0.121667 0.170000
0 0.321667 0.100000 0.103333 0.195000
0 0.630833 0.063750 0.155000 0.122500
0 0.930833 0.128750 0.135000 0.167500
0 0.108333 0.486250 0.170000 0.187500
0 0.078333 0.702500 0.153333 0.210000
0 0.075833 0.891250 0.145000 0.202500
0 0.428333 0.918750 0.136667 0.162500
0 0.664167 0.701250 0.125000 0.207500
0 0.910833 0.716250 0.178333 0.222500
0 0.922500 0.917500 0.151667 0.165000
0 0.755000 0.185000 0.156667 0.190000
0 0.566667 0.181250 0.130000 0.177500
0 0.489167 0.057500 0.141667 0.110000
0 0.169167 0.358750 0.125000 0.142500
0 0.290000 0.347500 0.146667 0.200000
0 0.055833 0.342500 0.108333 0.155000
0 0.095000 0.223750 0.103333 0.132500
0 0.929167 0.551250 0.101667 0.172500
