0 0.527832 0.336155 0.248372 0.292969
0 0.793457 0.377604 0.248372 0.321181
0 0.658854 0.568793 0.240885 0.319878
0 0.482096 0.871745 0.222005 0.243490
0 0.667318 0.901693 0.152995 0.196615
0 0.819661 0.835720 0.152344 0.213976
0 0.272135 0.892144 0.207682 0.215712
0 0.218262 0.341797 0.206055 0.255642
0 0.175944 0.505859 0.160482 0.206163
0 0.068034 0.624566 0.134115 0.229167
0 0.232910 0.694661 0.168945 0.238281
0 0.359863 0.176649 0.211914 0.248264
0 0.093262 0.195312 0.175456 0.241319
0 0.852865 0.161675 0.205078 0.227865
0 0.607747 0.108073 0.259766 0.203993
0 0.392415 0.706163 0.165039 0.184896
0 0.091797 0.867188 0.173828 0.231771
