0 0.385417 0.324107 0.267708 0.282411
0 0.725260 0.177645 0.247396 0.327260
0 0.851042 0.748774 0.297917 0.429573
0 0.655469 0.850385 0.178646 0.269797
0 0.485938 0.852137 0.191667 0.274702
0 0.475521 0.600561 0.281250 0.304135
0 0.577865 0.383322 0.148438 0.217239
0 0.664323 0.642256 0.103646 0.185704
0 0.910417 0.444289 0.179167 0.273301
0 0.912500 0.248774 0.175000 0.162579
0 0.303646 0.822355 0.205208 0.285214
0 0.713542 0.451296 0.198958 0.232656
0 0.175521 0.564121 0.319792 0.304135
0 0.427865 0.160477 0.199479 0.154170
