1 0.415584 0.444805 0.272727 0.240260
1 0.355519 0.756494 0.230519 0.240260
1 0.897727 0.547078 0.204545 0.217532
1 0.883117 0.358766 0.227273 0.172078
1 0.850649 0.147727 0.253247 0.230519
1 0.608766 0.107143 0.217532 0.207792
1 0.094156 0.202922 0.181818 0.204545
1 0.086039 0.448052 0.159091 0.246753
1 0.157468 0.725649 0.198052 0.224026
1 0.250000 0.573052 0.253247 0.204545
1 0.404221 0.212662 0.230519 0.230519
1 0.595779 0.310065 0.204545 0.198052
1 0.722403 0.457792 0.237013 0.220779
1 0.548701 0.613636 0.220779 0.233766
1 0.659091 0.774351 0.240260 0.211039
1 0.896104 0.784091 0.207792 0.224026
1 0.452922 0.933442 0.243506 0.133117
1 0.691558 0.935065 0.233766 0.129870
1 0.092532 0.910714 0.172078 0.178571
1 0.259740 0.923701 0.168831 0.152597
1 0.415584 0.051948 0.188312 0.097403
1 0.215909 0.060065 0.211039 0.113636
