0 0.191016 0.302604 0.106250 0.123958
0 0.112891 0.609896 0.104688 0.113542
0 0.219336 0.714323 0.127734 0.131771
0 0.345313 0.897396 0.107031 0.146875
0 0.536914 0.615104 0.108984 0.145833
0 0.691992 0.535937 0.098828 0.120833
0 0.714453 0.734115 0.084375 0.118229
0 0.597852 0.778125 0.087891 0.118750
0 0.759766 0.130990 0.073438 0.129688
0 0.259570 0.077865 0.091797 0.129688
0 0.032617 0.176042 0.063672 0.123958
0 0.104102 0.208594 0.083984 0.135937
0 0.065820 0.529948 0.082422 0.118229
0 0.038867 0.693229 0.076953 0.165625
0 0.267578 0.420052 0.083594 0.131771
0 0.644727 0.352344 0.099609 0.122396
0 0.658984 0.884115 0.080469 0.122396
0 0.520508 0.833594 0.097266 0.115104
0 0.886523 0.151042 0.068359 0.104167
