55 0.659375 0.129335 0.153750 0.204311
55 0.798750 0.142924 0.142500 0.195876
55 0.719375 0.313964 0.142500 0.204311
55 0.867500 0.316776 0.146250 0.208060
55 0.635938 0.484536 0.144375 0.223055
55 0.786250 0.490628 0.138750 0.194002
55 0.923750 0.507498 0.136250 0.201500
55 0.448750 0.311153 0.147500 0.191190
55 0.575937 0.296157 0.128125 0.185567
55 0.499688 0.487348 0.130625 0.183693
55 0.373437 0.486410 0.130625 0.193065
55 0.236250 0.477507 0.141250 0.182755
55 0.309063 0.310216 0.145625 0.194939
55 0.172500 0.291940 0.140000 0.205248
55 0.160625 0.635426 0.142500 0.200562
55 0.287500 0.660262 0.132500 0.197751
55 0.419375 0.664480 0.146250 0.208060
55 0.558438 0.670572 0.134375 0.205248
55 0.352812 0.838800 0.138125 0.198688
55 0.252812 0.134489 0.139375 0.197751
55 0.378750 0.137301 0.130000 0.192127
55 0.122813 0.119025 0.134375 0.193065
55 0.059375 0.279288 0.113750 0.202437
55 0.098437 0.464855 0.138125 0.206186
55 0.625313 0.837863 0.141875 0.219306
55 0.486250 0.835052 0.135000 0.200562
55 0.098437 0.801781 0.126875 0.199625
55 0.223750 0.818650 0.137500 0.210872
55 0.956250 0.709466 0.087500 0.206186
55 0.892813 0.876289 0.140625 0.179944
55 0.756250 0.862699 0.135000 0.179007
55 0.049375 0.624649 0.093750 0.180881
55 0.152812 0.937676 0.129375 0.124649
55 0.280938 0.948922 0.129375 0.102156
55 0.410625 0.952671 0.137500 0.094658
55 0.543438 0.955483 0.123125 0.089035
55 0.517813 0.138238 0.138125 0.179007
