54 0.472488 0.756364 0.179426 0.283636
54 0.683014 0.660000 0.174641 0.294545
54 0.675837 0.369091 0.145933 0.207273
54 0.462919 0.490909 0.150718 0.232727
54 0.204545 0.616364 0.179426 0.316364
54 0.352871 0.252727 0.141148 0.258182
54 0.477273 0.274545 0.122010 0.207273
54 0.602871 0.243636 0.143541 0.189091
54 0.088517 0.412727 0.167464 0.192727
54 0.061005 0.598182 0.117225 0.229091
54 0.478469 0.129091 0.167464 0.156364
54 0.255981 0.220000 0.076555 0.163636
54 0.166268 0.296364 0.107656 0.163636
54 0.265550 0.380000 0.129187 0.127273
54 0.325359 0.521818 0.138756 0.214545
54 0.320574 0.738182 0.133971 0.218182
54 0.089713 0.821818 0.174641 0.276364
54 0.228469 0.920000 0.117225 0.160000
54 0.383971 0.918182 0.150718 0.163636
