28 0.607292 0.369792 0.155208 0.218750
28 0.910417 0.346875 0.108333 0.196528
28 0.634896 0.915278 0.157292 0.169444
28 0.846615 0.680903 0.142187 0.165972
28 0.845313 0.800000 0.140625 0.127778
28 0.689063 0.821528 0.105208 0.125000
28 0.639062 0.538889 0.131250 0.145833
28 0.735417 0.499306 0.105208 0.226389
28 0.664583 0.660417 0.084375 0.138889
14 0.584375 0.637153 0.090625 0.132639
14 0.543490 0.787153 0.068229 0.175694
14 0.518490 0.921528 0.111979 0.154167
14 0.811198 0.204514 0.138021 0.150694
14 0.655469 0.152778 0.106771 0.134722
14 0.568750 0.184028 0.093750 0.162500
14 0.720313 0.262153 0.114583 0.131250
14 0.862240 0.047917 0.104688 0.094444
14 0.719792 0.077778 0.092708 0.133333
14 0.642188 0.061111 0.081250 0.120833
14 0.571615 0.090278 0.084896 0.176389
14 0.954167 0.191667 0.091667 0.183333
14 0.908073 0.522917 0.088021 0.150000
14 0.805469 0.524306 0.102604 0.172222
14 0.933594 0.741667 0.085938 0.176389
14 0.943490 0.904167 0.093229 0.147222
14 0.822396 0.943750 0.151042 0.112500
14 0.621094 0.762153 0.090104 0.131250
7 0.068750 0.282639 0.131250 0.537500
7 0.117188 0.725000 0.181250 0.358333
7 0.550260 0.499306 0.115104 0.372222
7 0.251042 0.201042 0.132292 0.400694
7 0.357812 0.230903 0.113542 0.243750
7 0.393490 0.476042 0.232813 0.149306
7 0.377083 0.710764 0.143750 0.340972
7 0.119792 0.932639 0.089583 0.133333
7 0.239063 0.892014 0.097917 0.214583
7 0.287240 0.921875 0.097396 0.154861
7 0.406510 0.948264 0.127604 0.102083
7 0.232813 0.487500 0.148958 0.206944
7 0.260417 0.694792 0.105208 0.177083
