57 0.732180 0.352789 0.349690 0.339876
57 0.554236 0.617769 0.322314 0.308884
57 0.363895 0.848399 0.321798 0.292872
57 0.268595 0.310176 0.255165 0.237087
57 0.658316 0.106663 0.280475 0.202996
57 0.422262 0.111054 0.219525 0.201446
57 0.469267 0.324897 0.184401 0.254132
57 0.889979 0.813533 0.220041 0.269628
57 0.814566 0.623709 0.246901 0.225723
57 0.322314 0.545713 0.240702 0.288740
57 0.117510 0.782283 0.231921 0.235021
57 0.895145 0.116477 0.199380 0.225723
57 0.928461 0.370093 0.143079 0.289773
