57 0.595313 0.289583 0.268750 0.362500
57 0.567187 0.728125 0.303125 0.414583
57 0.856250 0.680208 0.287500 0.468750
57 0.260937 0.744792 0.306250 0.372917
57 0.367188 0.466667 0.250000 0.283333
57 0.867969 0.220833 0.207813 0.204167
57 0.264844 0.292708 0.232813 0.252083
57 0.085938 0.415625 0.168750 0.306250
57 0.053906 0.723958 0.104688 0.418750
57 0.103125 0.172917 0.200000 0.212500
57 0.292187 0.113542 0.184375 0.172917
57 0.471094 0.110417 0.170313 0.166667
57 0.678906 0.110417 0.182812 0.158333
57 0.903906 0.368750 0.192188 0.191667
