34 0.396047 0.452637 0.218155 0.182617
34 0.752562 0.228516 0.281113 0.142578
34 0.125915 0.121094 0.152269 0.136719
34 0.256955 0.117676 0.101025 0.165039
34 0.390190 0.218262 0.197657 0.170898
34 0.453880 0.132812 0.137628 0.142578
34 0.570278 0.169922 0.092240 0.175781
34 0.691801 0.106934 0.127379 0.149414
34 0.872621 0.079102 0.178624 0.156250
34 0.385066 0.598633 0.286969 0.162109
34 0.579795 0.538086 0.140556 0.189453
34 0.591508 0.730469 0.169839 0.201172
34 0.875549 0.808594 0.207906 0.201172
34 0.884334 0.627930 0.146413 0.220703
34 0.508053 0.910645 0.143485 0.166992
34 0.320644 0.785645 0.225476 0.163086
34 0.142753 0.808594 0.171303 0.162109
34 0.068082 0.600098 0.124451 0.186523
34 0.259151 0.278809 0.202050 0.129883
34 0.912884 0.409180 0.165447 0.199219
34 0.688141 0.356934 0.125915 0.159180
34 0.603221 0.395508 0.117130 0.130859
34 0.769400 0.447754 0.098097 0.098633
34 0.689605 0.873047 0.122987 0.169922
