31 0.469208 0.768817 0.193548 0.135875
31 0.287390 0.530792 0.134897 0.134897
31 0.367302 0.486315 0.130499 0.094819
31 0.397361 0.581623 0.123167 0.101662
31 0.484604 0.562072 0.124633 0.121212
31 0.388563 0.366569 0.134897 0.127077
31 0.313050 0.274682 0.148094 0.130987
31 0.190616 0.298143 0.117302 0.152493
31 0.538123 0.373412 0.164223 0.105572
31 0.568915 0.243402 0.108504 0.089932
31 0.489003 0.563539 0.121701 0.116325
31 0.372434 0.825513 0.123167 0.128055
31 0.260264 0.849462 0.101173 0.070381
31 0.351173 0.061095 0.112903 0.088954
31 0.483138 0.121701 0.148094 0.096774
31 0.568182 0.245846 0.127566 0.096774
31 0.706012 0.235582 0.133431 0.084066
31 0.098974 0.317204 0.101173 0.069404
31 0.153959 0.397361 0.117302 0.102639
31 0.052053 0.382698 0.095308 0.083089
31 0.318182 0.135875 0.222874 0.109482
31 0.467009 0.244868 0.101173 0.086999
31 0.505132 0.450635 0.092375 0.066471
