58 0.507031 0.514188 0.278125 0.402153
58 0.857812 0.484344 0.282813 0.375734
58 0.868359 0.860568 0.250781 0.278865
58 0.592187 0.917319 0.267188 0.165362
58 0.202344 0.862524 0.243750 0.274951
58 0.391016 0.709883 0.239844 0.278865
58 0.325781 0.422701 0.215625 0.315068
58 0.278516 0.138943 0.250781 0.264188
58 0.585547 0.134051 0.233594 0.246575
58 0.810156 0.156067 0.239063 0.310176
58 0.693359 0.707926 0.224219 0.274951
58 0.088281 0.090020 0.171875 0.174168
58 0.142187 0.481409 0.132812 0.185910
