62 0.225405 0.536265 0.204282 0.223765
62 0.187211 0.726852 0.181134 0.225309
62 0.414641 0.900463 0.173032 0.199074
62 0.528646 0.524691 0.144097 0.222222
62 0.777778 0.758873 0.167824 0.190586
62 0.941262 0.702932 0.117477 0.219136
62 0.481192 0.230710 0.145255 0.185185
62 0.621528 0.268133 0.131944 0.178241
62 0.735532 0.368827 0.152778 0.165123
62 0.866609 0.271219 0.120949 0.185957
62 0.269965 0.373843 0.169560 0.178241
62 0.173611 0.924769 0.162037 0.150463
62 0.573206 0.937886 0.155671 0.124228
62 0.765336 0.917824 0.175347 0.138117
62 0.924479 0.920525 0.151042 0.155864
62 0.811921 0.616898 0.148148 0.127315
62 0.915220 0.490355 0.132523 0.176698
62 0.676215 0.178627 0.138310 0.153549
62 0.054688 0.775849 0.103588 0.216821
62 0.217882 0.167052 0.119792 0.168981
62 0.373553 0.159722 0.107060 0.126543
62 0.628183 0.573302 0.103588 0.180556
62 0.560764 0.724537 0.168981 0.209877
62 0.392940 0.714892 0.155093 0.167438
