63 0.688477 0.172526 0.208984 0.201823
63 0.706055 0.350260 0.251953 0.174479
63 0.181641 0.226562 0.257812 0.208333
63 0.275391 0.430339 0.242188 0.152344
63 0.369141 0.569010 0.250000 0.151042
63 0.795898 0.500651 0.287109 0.149740
63 0.593750 0.660807 0.234375 0.123698
63 0.468750 0.759115 0.203125 0.164062
63 0.703125 0.829427 0.296875 0.158854
63 0.346680 0.854818 0.208984 0.152344
63 0.440430 0.141276 0.216797 0.131510
63 0.380859 0.257161 0.199219 0.152344
63 0.422852 0.396484 0.244141 0.157552
63 0.075195 0.486328 0.146484 0.186198
63 0.077148 0.714193 0.150391 0.209635
63 0.161133 0.918620 0.283203 0.154948
63 0.343750 0.855469 0.222656 0.151042
63 0.937500 0.880208 0.125000 0.166667
63 0.906250 0.725911 0.187500 0.139323
63 0.910156 0.611979 0.179688 0.138021
63 0.749023 0.624349 0.201172 0.121094
63 0.273438 0.068359 0.230469 0.131510
