9 0.297991 0.284281 0.158482 0.200669
9 0.462054 0.290970 0.169643 0.200669
9 0.625000 0.292642 0.174107 0.210702
9 0.780134 0.277592 0.149554 0.200669
9 0.934152 0.249164 0.131696 0.217391
9 0.878348 0.453177 0.203125 0.230769
9 0.699777 0.473244 0.171875 0.217391
9 0.536830 0.473244 0.162946 0.210702
9 0.368304 0.463211 0.169643 0.224080
9 0.208705 0.474916 0.167411 0.220736
9 0.133929 0.285953 0.174107 0.197324
9 0.372768 0.112040 0.165179 0.204013
9 0.553571 0.102007 0.178571 0.197324
9 0.729911 0.095318 0.165179 0.183946
9 0.905134 0.078595 0.176339 0.150502
9 0.065848 0.103679 0.127232 0.200669
9 0.208705 0.102007 0.167411 0.197324
9 0.064732 0.468227 0.125000 0.193980
9 0.119420 0.658863 0.154018 0.214047
9 0.277902 0.672241 0.167411 0.207358
9 0.446429 0.670569 0.165179 0.210702
9 0.607143 0.668896 0.165179 0.220736
9 0.776786 0.672241 0.160714 0.200669
9 0.934152 0.663880 0.131696 0.204013
9 0.196429 0.866221 0.169643 0.214047
9 0.351562 0.851171 0.158482 0.183946
9 0.520089 0.874582 0.174107 0.217391
9 0.687500 0.857860 0.165179 0.204013
9 0.853795 0.864548 0.162946 0.224080
9 0.059152 0.851171 0.113839 0.210702
