38 0.475098 0.370443 0.247070 0.321615
38 0.864746 0.283854 0.231445 0.281250
38 0.606934 0.852865 0.237305 0.294271
38 0.336914 0.654297 0.218750 0.274740
38 0.782715 0.726562 0.215820 0.263021
38 0.243652 0.319010 0.229492 0.286458
38 0.384766 0.888672 0.216797 0.222656
38 0.096191 0.726562 0.188477 0.270833
38 0.115234 0.117188 0.212891 0.231771
38 0.343750 0.103516 0.201172 0.204427
38 0.695801 0.420573 0.182617 0.244792
38 0.843750 0.529297 0.183594 0.235677
38 0.837891 0.909505 0.201172 0.180990
38 0.066406 0.412760 0.130859 0.309896
38 0.531738 0.092448 0.188477 0.182292
38 0.727051 0.117188 0.221680 0.229167
38 0.916992 0.076823 0.166016 0.148438
38 0.188477 0.554688 0.164062 0.223958
