37 0.392000 0.814667 0.268000 0.317333
37 0.779000 0.513333 0.238000 0.296000
37 0.608000 0.678667 0.240000 0.280000
37 0.404000 0.580000 0.200000 0.194667
37 0.216000 0.677333 0.196000 0.245333
37 0.658000 0.888000 0.264000 0.224000
37 0.081000 0.488000 0.158000 0.234667
37 0.310000 0.324000 0.168000 0.210667
37 0.572000 0.306667 0.200000 0.240000
37 0.832000 0.312000 0.192000 0.229333
37 0.482000 0.186667 0.160000 0.202667
37 0.255000 0.502667 0.190000 0.157333
37 0.435000 0.430667 0.170000 0.136000
37 0.900000 0.893333 0.200000 0.208000
37 0.820000 0.745333 0.232000 0.200000
37 0.131000 0.334667 0.158000 0.141333
