37 0.542188 0.376168 0.156250 0.247664
37 0.369531 0.663551 0.185938 0.247664
37 0.546094 0.760514 0.195312 0.245327
37 0.700000 0.704439 0.187500 0.235981
37 0.750781 0.470794 0.179688 0.250000
37 0.428906 0.457944 0.157812 0.242991
37 0.657813 0.283879 0.178125 0.245327
37 0.292969 0.376168 0.148438 0.238318
37 0.265625 0.621495 0.143750 0.233645
37 0.235937 0.891355 0.153125 0.217290
37 0.161719 0.287383 0.179688 0.238318
37 0.307812 0.147196 0.171875 0.228972
37 0.455469 0.172897 0.145313 0.168224
37 0.603906 0.121495 0.154688 0.172897
37 0.789062 0.078271 0.162500 0.151869
37 0.786719 0.242991 0.145313 0.214953
37 0.905469 0.415888 0.132812 0.196262
37 0.957812 0.593458 0.084375 0.219626
37 0.858594 0.735981 0.157812 0.247664
37 0.746875 0.903037 0.181250 0.193925
37 0.411719 0.870327 0.154688 0.179907
37 0.054688 0.654206 0.106250 0.233645
37 0.113281 0.934579 0.101562 0.130841
37 0.172656 0.064252 0.148438 0.119159
