37 0.515625 0.517708 0.178125 0.214583
37 0.755469 0.568750 0.170313 0.250000
37 0.625000 0.671875 0.162500 0.218750
37 0.478125 0.721875 0.168750 0.218750
37 0.213281 0.811458 0.176563 0.247917
37 0.360938 0.636458 0.162500 0.227083
37 0.136719 0.406250 0.185938 0.216667
37 0.212500 0.215625 0.150000 0.168750
37 0.314844 0.087500 0.157812 0.145833
37 0.350000 0.234375 0.146875 0.177083
37 0.457031 0.353125 0.142187 0.177083
37 0.637500 0.418750 0.143750 0.187500
37 0.801562 0.394792 0.153125 0.185417
37 0.905469 0.570833 0.145313 0.212500
37 0.928125 0.375000 0.128125 0.175000
37 0.854688 0.223958 0.128125 0.172917
37 0.715625 0.263542 0.162500 0.143750
37 0.619531 0.162500 0.170313 0.191667
37 0.482031 0.192708 0.132812 0.164583
37 0.753906 0.114583 0.135937 0.158333
37 0.495312 0.054167 0.128125 0.104167
37 0.625000 0.051042 0.131250 0.093750
37 0.338281 0.463542 0.148438 0.172917
37 0.160156 0.636458 0.173437 0.197917
37 0.364063 0.877083 0.159375 0.216667
37 0.519531 0.916667 0.164062 0.145833
37 0.689844 0.883333 0.185938 0.191667
37 0.823438 0.783333 0.168750 0.216667
