37 0.344136 0.621065 0.250000 0.384988
37 0.891975 0.738499 0.216049 0.300242
37 0.577160 0.730024 0.203704 0.317191
37 0.307870 0.900726 0.266975 0.198547
37 0.128086 0.569007 0.209877 0.324455
37 0.403549 0.307506 0.211420 0.290557
37 0.563272 0.444310 0.179012 0.273608
37 0.729938 0.296610 0.212963 0.322034
37 0.855710 0.481840 0.162037 0.266344
37 0.207562 0.296610 0.186728 0.239709
37 0.174383 0.170702 0.172840 0.196126
37 0.344907 0.133172 0.158951 0.184019
37 0.520062 0.187651 0.132716 0.186441
37 0.855710 0.123487 0.112654 0.193705
37 0.645062 0.136804 0.114198 0.186441
37 0.497685 0.066586 0.195988 0.113801
37 0.716049 0.587167 0.132716 0.254237
