39 0.234737 0.291317 0.174737 0.268908
39 0.569474 0.295518 0.200000 0.254902
39 0.910526 0.338936 0.170526 0.235294
39 0.732632 0.712885 0.197895 0.260504
39 0.914737 0.715686 0.170526 0.238095
39 0.835789 0.900560 0.185263 0.198880
39 0.655789 0.899160 0.174737 0.201681
39 0.136842 0.893557 0.164211 0.212885
39 0.495789 0.490196 0.174737 0.224090
39 0.690526 0.114846 0.193684 0.224090
39 0.933684 0.130252 0.132632 0.232493
39 0.081053 0.305322 0.157895 0.246499
39 0.149474 0.491597 0.160000 0.226891
39 0.072632 0.705882 0.141053 0.257703
39 0.332632 0.889356 0.143158 0.221289
39 0.493684 0.879552 0.153684 0.240896
39 0.565263 0.691877 0.162105 0.224090
39 0.816842 0.518207 0.176842 0.224090
39 0.651579 0.508403 0.162105 0.204482
39 0.746316 0.330532 0.153684 0.218487
39 0.400000 0.271709 0.151579 0.257703
39 0.176842 0.134454 0.172632 0.201681
39 0.522105 0.128852 0.164211 0.162465
