39 0.396341 0.467192 0.178049 0.183727
39 0.579268 0.758530 0.173171 0.183727
39 0.730488 0.618110 0.153659 0.170604
39 0.723171 0.793963 0.168293 0.202100
39 0.618293 0.309711 0.168293 0.152231
39 0.823171 0.238845 0.163415 0.173228
39 0.765854 0.349081 0.151220 0.152231
39 0.091463 0.395013 0.148780 0.149606
39 0.301220 0.234908 0.158537 0.144357
39 0.428049 0.118110 0.173171 0.173228
39 0.571951 0.070866 0.143902 0.136483
39 0.468293 0.615486 0.175610 0.170604
39 0.313415 0.633858 0.158537 0.186352
39 0.232927 0.762467 0.168293 0.149606
39 0.180488 0.913386 0.185366 0.162730
39 0.553659 0.919948 0.185366 0.160105
39 0.868293 0.706037 0.165854 0.188976
39 0.940244 0.877953 0.119512 0.196850
39 0.945122 0.246719 0.104878 0.173228
39 0.903659 0.376640 0.134146 0.149606
39 0.630488 0.185039 0.173171 0.118110
39 0.160976 0.279528 0.126829 0.160105
39 0.156098 0.608924 0.165854 0.167979
39 0.079268 0.753281 0.148780 0.157480
39 0.380488 0.909449 0.170732 0.175853
39 0.736585 0.942257 0.170732 0.115486
39 0.890244 0.111549 0.141463 0.139108
39 0.246341 0.123360 0.160976 0.146982
