15 0.174506 0.318140 0.154399 0.213023
39 0.550987 0.245814 0.182047 0.238605
39 0.453321 0.624884 0.281867 0.262791
39 0.684381 0.628605 0.196050 0.215349
39 0.833932 0.562791 0.200000 0.221395
39 0.807181 0.406512 0.224776 0.187907
39 0.236804 0.573953 0.194973 0.225116
39 0.603591 0.453721 0.198205 0.189302
39 0.438061 0.392093 0.143627 0.195349
39 0.711311 0.177209 0.124955 0.212093
39 0.362478 0.177674 0.146858 0.183256
39 0.499820 0.097209 0.154399 0.135814
39 0.285099 0.378372 0.167325 0.204186
