43 0.459774 0.455750 0.212766 0.306500
43 0.884142 0.676500 0.207114 0.382000
43 0.426197 0.689000 0.234707 0.232000
43 0.146443 0.537750 0.213098 0.244500
43 0.143617 0.344750 0.211436 0.232500
43 0.336602 0.314250 0.191822 0.223500
43 0.647108 0.467250 0.159242 0.275500
43 0.943318 0.248000 0.113364 0.182000
43 0.779754 0.269750 0.183843 0.219500
43 0.879322 0.411250 0.187500 0.170500
43 0.163398 0.784000 0.214428 0.246000
43 0.423537 0.871000 0.181516 0.258000
43 0.596077 0.708000 0.132979 0.194000
43 0.710106 0.814000 0.174867 0.237000
43 0.584275 0.277000 0.174535 0.117000
