43 0.487793 0.451823 0.309570 0.372396
43 0.664062 0.102214 0.228516 0.201823
43 0.167969 0.403646 0.244141 0.283854
43 0.684570 0.738932 0.244141 0.319010
43 0.359863 0.705729 0.237305 0.278646
43 0.192383 0.880208 0.253906 0.239583
43 0.177734 0.184896 0.212891 0.203125
43 0.367188 0.163411 0.183594 0.214844
43 0.906250 0.136719 0.187500 0.255208
43 0.793945 0.479167 0.246094 0.278646
43 0.915527 0.678385 0.168945 0.229167
43 0.882812 0.892578 0.234375 0.212240
43 0.418945 0.917318 0.212891 0.165365
43 0.167480 0.675781 0.172852 0.218750
