22 0.295312 0.535937 0.527083 0.881250
17 0.799479 0.438281 0.160417 0.214062
17 0.637500 0.370312 0.140625 0.209375
7 0.558073 0.145313 0.286979 0.218750
26 0.709115 0.728125 0.123438 0.159375
26 0.805469 0.775391 0.088021 0.132031
26 0.881771 0.842187 0.122917 0.159375
26 0.880208 0.721875 0.103125 0.140625
26 0.800781 0.662109 0.111979 0.141406
26 0.695573 0.561328 0.093229 0.113281
26 0.643490 0.666797 0.104688 0.149219
26 0.947396 0.689453 0.091667 0.174219
26 0.688021 0.483203 0.086458 0.107031
26 0.613542 0.518750 0.077083 0.156250
