45 0.578571 0.615964 0.292857 0.358434
45 0.318452 0.560994 0.236905 0.314759
45 0.489286 0.308735 0.209524 0.225904
45 0.733333 0.279367 0.207143 0.248494
45 0.305357 0.128012 0.208333 0.234940
45 0.166667 0.305723 0.188095 0.243976
45 0.601190 0.094127 0.247619 0.185241
45 0.922619 0.131777 0.154762 0.209337
45 0.909524 0.410392 0.180952 0.215361
45 0.741667 0.760542 0.209524 0.277108
45 0.910119 0.670934 0.179762 0.287651
45 0.634524 0.926205 0.300000 0.147590
45 0.875000 0.923193 0.180952 0.153614
45 0.364286 0.871988 0.214286 0.256024
45 0.077381 0.826054 0.152381 0.278614
45 0.167262 0.630271 0.134524 0.197289
45 0.055952 0.547440 0.104762 0.260542
45 0.044643 0.260542 0.082143 0.274096
