45 0.408451 0.336268 0.218310 0.221831
45 0.609155 0.209507 0.225352 0.235915
45 0.823944 0.160211 0.183099 0.214789
45 0.487676 0.575704 0.257042 0.221831
45 0.730634 0.647887 0.242958 0.246479
45 0.250000 0.626761 0.204225 0.232394
45 0.411972 0.804577 0.218310 0.214789
45 0.147887 0.869718 0.232394 0.190141
45 0.771127 0.383803 0.183099 0.274648
45 0.181338 0.188380 0.207746 0.165493
45 0.378521 0.184859 0.200704 0.158451
45 0.096831 0.329225 0.179577 0.179577
45 0.919014 0.628521 0.154930 0.214789
45 0.931338 0.427817 0.137324 0.228873
45 0.080986 0.684859 0.147887 0.200704
45 0.595070 0.922535 0.211268 0.154930
45 0.860915 0.947183 0.221831 0.105634
45 0.801056 0.832746 0.207746 0.151408
