45 0.736667 0.270000 0.300000 0.273333
45 0.575000 0.703333 0.316667 0.260000
45 0.275000 0.801667 0.296667 0.276667
45 0.265000 0.515000 0.270000 0.283333
45 0.660000 0.495000 0.240000 0.250000
45 0.116667 0.310000 0.226667 0.300000
45 0.238333 0.098333 0.296667 0.190000
45 0.456667 0.235000 0.253333 0.250000
45 0.850000 0.763333 0.253333 0.220000
45 0.580000 0.920000 0.293333 0.160000
45 0.853333 0.935000 0.280000 0.130000
45 0.091667 0.911667 0.176667 0.176667
45 0.893333 0.511667 0.213333 0.243333
