3 0.487208 0.467791 0.195175 0.249726
3 0.215461 0.591146 0.157895 0.237116
3 0.152047 0.776042 0.174342 0.259320
3 0.449653 0.836212 0.163925 0.221217
3 0.779240 0.854167 0.179094 0.236294
3 0.721126 0.662692 0.169956 0.230537
3 0.721857 0.438048 0.179825 0.245614
3 0.765808 0.233964 0.153692 0.206963
3 0.438596 0.314693 0.262792 0.214364
3 0.331414 0.499315 0.141265 0.211897
3 0.646656 0.370888 0.137610 0.219298
3 0.862208 0.575384 0.138523 0.233004
3 0.841192 0.380757 0.144006 0.200110
3 0.652961 0.804688 0.134868 0.238213
3 0.886148 0.756168 0.162281 0.238213
3 0.510325 0.654057 0.151864 0.216009
3 0.374909 0.656661 0.131396 0.202577
3 0.671327 0.207648 0.121162 0.143366
