19 0.573438 0.665361 0.338542 0.394984
19 0.778385 0.430643 0.324479 0.449060
19 0.257292 0.310737 0.266667 0.400470
19 0.114062 0.828762 0.223958 0.342476
19 0.301823 0.687304 0.294271 0.465517
19 0.908594 0.201019 0.182812 0.398903
19 0.778385 0.112069 0.258854 0.222571
19 0.326042 0.063871 0.202083 0.126176
19 0.477344 0.074060 0.131771 0.146552
19 0.085417 0.487853 0.169792 0.400470
19 0.579688 0.910658 0.230208 0.178683
19 0.809115 0.904781 0.230729 0.190439
19 0.864062 0.686129 0.222917 0.287618
19 0.509115 0.313088 0.329688 0.414577
