47 0.413371 0.427234 0.264308 0.383925
47 0.628382 0.204838 0.279657 0.351151
47 0.906478 0.298478 0.187045 0.309793
47 0.906478 0.583496 0.187045 0.286773
47 0.808793 0.795942 0.273153 0.275458
47 0.155307 0.797893 0.283039 0.277019
47 0.144641 0.155872 0.237253 0.309403
47 0.110302 0.463909 0.220083 0.342567
47 0.394641 0.079204 0.192508 0.153726
47 0.715791 0.594226 0.215661 0.298869
47 0.576353 0.818572 0.213059 0.249707
47 0.502601 0.913773 0.250780 0.172454
47 0.332856 0.876707 0.195890 0.246586
