14 0.488908 0.391782 0.287230 0.429977
16 0.791184 0.531829 0.244406 0.340856
16 0.233218 0.529659 0.334491 0.458623
16 0.378762 0.144676 0.310764 0.280671
9 0.803434 0.126157 0.168596 0.234375
9 0.666860 0.264323 0.170139 0.219618
9 0.925637 0.155093 0.088542 0.151042
9 0.914062 0.728443 0.075810 0.129919
9 0.973862 0.721644 0.049190 0.145833
9 0.607928 0.093316 0.168017 0.182002
9 0.981481 0.180411 0.033565 0.117766
13 0.042149 0.723524 0.083912 0.551215
13 0.155093 0.882234 0.136188 0.235532
13 0.111883 0.148872 0.218750 0.292535
