50 0.439619 0.399671 0.264831 0.309680
50 0.669315 0.349389 0.234110 0.318139
50 0.877648 0.196429 0.244703 0.328947
50 0.739760 0.632754 0.229520 0.278665
50 0.162782 0.338111 0.271186 0.302162
50 0.290078 0.543938 0.257415 0.324718
50 0.314266 0.130169 0.257062 0.259398
50 0.731992 0.066024 0.282486 0.131109
50 0.468573 0.881344 0.213277 0.232613
50 0.269244 0.883929 0.183969 0.193609
50 0.081391 0.638628 0.155014 0.328947
50 0.521716 0.646382 0.215042 0.254229
50 0.910134 0.506344 0.179732 0.303102
50 0.858581 0.781955 0.208686 0.251880
50 0.674435 0.875000 0.218927 0.250000
50 0.519951 0.120771 0.192444 0.228383
