50 0.537891 0.340104 0.147656 0.209375
50 0.890625 0.320312 0.142187 0.157292
50 0.497266 0.640625 0.146094 0.216667
50 0.195703 0.739583 0.146094 0.229167
50 0.381250 0.806250 0.150000 0.243750
50 0.851953 0.736458 0.149219 0.197917
50 0.597266 0.849479 0.160156 0.251042
50 0.659766 0.538542 0.157031 0.195833
50 0.186719 0.403125 0.159375 0.195833
50 0.274219 0.531250 0.145313 0.200000
50 0.398828 0.261979 0.146094 0.238542
50 0.542969 0.070312 0.170313 0.138542
50 0.278516 0.071875 0.133594 0.139583
50 0.718750 0.151562 0.131250 0.173958
50 0.659766 0.348958 0.130469 0.191667
50 0.107031 0.541667 0.151562 0.214583
50 0.499219 0.488021 0.150000 0.138542
50 0.804688 0.589063 0.135937 0.180208
50 0.913281 0.532292 0.115625 0.187500
50 0.836719 0.236979 0.153125 0.155208
50 0.813672 0.440625 0.111719 0.137500
50 0.249219 0.216146 0.121875 0.153125
50 0.316797 0.372917 0.116406 0.168750
