16 0.162240 0.812500 0.169271 0.256250
16 0.334115 0.698828 0.147396 0.217969
16 0.565365 0.676953 0.154688 0.202344
16 0.521094 0.869922 0.163021 0.238281
16 0.771615 0.628906 0.179688 0.285938
16 0.842187 0.466406 0.157292 0.226562
16 0.777344 0.164453 0.167187 0.247656
16 0.475521 0.261328 0.171875 0.246094
16 0.250260 0.206641 0.155729 0.203906
16 0.142187 0.397266 0.172917 0.252344
16 0.188542 0.595313 0.139583 0.204687
16 0.367969 0.894922 0.126562 0.210156
16 0.675521 0.872656 0.167708 0.253125
16 0.774740 0.841406 0.160938 0.285938
16 0.936198 0.885938 0.127604 0.218750
16 0.923438 0.681641 0.135417 0.239844
16 0.955990 0.423047 0.088021 0.274219
16 0.656510 0.528906 0.156771 0.250000
16 0.463021 0.585547 0.156250 0.219531
16 0.340625 0.314453 0.156250 0.239844
16 0.054427 0.092188 0.107813 0.182812
16 0.167708 0.066016 0.148958 0.130469
16 0.294792 0.058594 0.136458 0.115625
16 0.485938 0.076563 0.231250 0.146875
16 0.679167 0.078125 0.166667 0.146875
16 0.682813 0.301563 0.155208 0.221875
16 0.887240 0.232813 0.104688 0.229687
16 0.280990 0.519141 0.141146 0.199219
16 0.069792 0.574219 0.132292 0.204687
