5 0.770388 0.545332 0.235396 0.228009
5 0.359456 0.766204 0.206478 0.245370
5 0.550174 0.792438 0.184211 0.233796
5 0.152979 0.874228 0.225564 0.251543
5 0.275593 0.444637 0.154425 0.153164
5 0.515761 0.423611 0.149508 0.175926
5 0.718479 0.397377 0.221805 0.162037
5 0.878398 0.302083 0.143146 0.172840
5 0.367120 0.566744 0.174957 0.200617
5 0.222527 0.668403 0.154135 0.183256
5 0.082851 0.686343 0.162233 0.214506
5 0.326778 0.929398 0.156738 0.141204
5 0.210526 0.219522 0.146327 0.223765
5 0.634471 0.193287 0.135917 0.158951
5 0.920474 0.184606 0.140544 0.207948
5 0.743349 0.276813 0.139676 0.130787
5 0.719780 0.746721 0.175824 0.232639
5 0.545980 0.602238 0.187392 0.209105
5 0.333719 0.350309 0.148641 0.129630
5 0.500578 0.303627 0.191440 0.141204
5 0.387218 0.134259 0.150954 0.171296
5 0.093262 0.166088 0.154135 0.144676
5 0.167582 0.409144 0.185367 0.180941
5 0.160642 0.570988 0.162233 0.142747
5 0.492337 0.941744 0.171486 0.116512
5 0.860758 0.918210 0.255350 0.163580
5 0.900087 0.495949 0.162233 0.224151
5 0.280364 0.065394 0.163968 0.125386
5 0.557403 0.073302 0.134471 0.145833
5 0.712406 0.102623 0.150087 0.151235
5 0.864662 0.748457 0.146327 0.195216
