52 0.416875 0.343985 0.192500 0.308271
52 0.717812 0.270207 0.178125 0.247180
52 0.707187 0.497650 0.178125 0.237782
52 0.686562 0.703477 0.203125 0.230263
52 0.344687 0.710056 0.221875 0.282895
52 0.854375 0.585056 0.160000 0.262218
52 0.474375 0.604793 0.178750 0.265977
52 0.293125 0.532425 0.192500 0.226504
52 0.135000 0.655075 0.172500 0.238722
52 0.527188 0.797462 0.153125 0.123120
52 0.482812 0.220395 0.164375 0.187030
52 0.300000 0.256579 0.138750 0.176692
52 0.571875 0.412124 0.157500 0.228383
