52 0.459896 0.402778 0.207292 0.401852
52 0.724740 0.731481 0.216146 0.375926
52 0.325260 0.673148 0.208854 0.403704
52 0.625000 0.387963 0.195833 0.433333
52 0.903906 0.483796 0.188021 0.404630
52 0.901823 0.835648 0.166146 0.328704
52 0.125000 0.839352 0.225000 0.321296
52 0.304948 0.243056 0.180729 0.404630
52 0.783073 0.168056 0.168229 0.306481
52 0.111458 0.171759 0.215625 0.325000
52 0.203385 0.471759 0.116146 0.412037
52 0.079427 0.500000 0.157812 0.362963
52 0.513021 0.852315 0.211458 0.267593
52 0.478385 0.102778 0.160938 0.188889
