3 0.474740 0.468750 0.199479 0.234375
3 0.912240 0.473828 0.174479 0.280469
3 0.623437 0.779297 0.142708 0.249219
3 0.842969 0.784766 0.140104 0.239844
3 0.223438 0.816016 0.186458 0.249219
3 0.091667 0.618750 0.169792 0.221875
3 0.236198 0.473828 0.202604 0.253906
3 0.272917 0.237500 0.148958 0.234375
3 0.407292 0.287109 0.134375 0.222656
3 0.554948 0.279297 0.156771 0.202344
3 0.772917 0.172266 0.170833 0.242969
3 0.928646 0.177344 0.138542 0.293750
3 0.751563 0.439063 0.170833 0.228125
3 0.660417 0.589844 0.157292 0.212500
3 0.374740 0.756641 0.160938 0.221094
3 0.334115 0.929688 0.134896 0.140625
3 0.132812 0.314063 0.141667 0.193750
3 0.485417 0.072266 0.186458 0.142969
3 0.166667 0.124609 0.138542 0.177344
3 0.047396 0.123438 0.090625 0.159375
3 0.027865 0.316016 0.052604 0.208594
3 0.092188 0.470703 0.112500 0.124219
3 0.956771 0.867969 0.086458 0.240625
3 0.865365 0.965625 0.114062 0.068750
3 0.503385 0.808984 0.119271 0.208594
3 0.548958 0.955469 0.125000 0.089063
3 0.444271 0.928125 0.100000 0.143750
3 0.080469 0.867578 0.155729 0.263281
3 0.510938 0.650391 0.156250 0.128906
3 0.635938 0.072266 0.102083 0.142969
3 0.292187 0.067969 0.134375 0.134375
3 0.676042 0.291406 0.110417 0.193750
3 0.838021 0.604688 0.144792 0.140625
3 0.966667 0.667188 0.065625 0.187500
3 0.680469 0.939844 0.131771 0.120313
