62 0.229985 0.355131 0.136622 0.183256
62 0.262268 0.587191 0.108729 0.220679
62 0.769112 0.648920 0.137913 0.220679
62 0.458419 0.789931 0.097624 0.179398
62 0.767175 0.846644 0.162965 0.196373
62 0.725207 0.249035 0.130682 0.163966
62 0.873967 0.244985 0.108988 0.150463
62 0.778796 0.471065 0.129907 0.168981
62 0.504778 0.452739 0.127324 0.144676
62 0.158058 0.197338 0.121901 0.127701
62 0.068957 0.656057 0.130682 0.170139
62 0.175362 0.947724 0.117769 0.104552
62 0.408704 0.267168 0.122676 0.130015
62 0.675878 0.114583 0.116219 0.126543
62 0.618543 0.222029 0.101756 0.143133
62 0.932980 0.081597 0.102531 0.125386
62 0.896694 0.382909 0.107438 0.149306
62 0.870351 0.733218 0.138946 0.170139
62 0.928590 0.875579 0.109762 0.155478
62 0.653667 0.637924 0.120351 0.177083
62 0.200155 0.111111 0.113636 0.109568
62 0.337293 0.132716 0.097624 0.128858
62 0.429365 0.161073 0.099432 0.123071
62 0.533445 0.058063 0.110795 0.107639
62 0.043259 0.290895 0.083936 0.126543
62 0.057593 0.392554 0.101756 0.123071
62 0.071023 0.516204 0.110537 0.111883
62 0.181043 0.516782 0.116219 0.146991
62 0.058884 0.907986 0.113636 0.160108
62 0.294938 0.768326 0.107955 0.136188
62 0.451963 0.584877 0.107438 0.160494
62 0.550362 0.579475 0.110537 0.168981
62 0.353822 0.572724 0.088843 0.133873
62 0.535511 0.298611 0.093750 0.141975
62 0.818440 0.163580 0.097624 0.113426
