62 0.412500 0.420339 0.195000 0.244068
62 0.583750 0.352542 0.167500 0.244068
62 0.722500 0.196610 0.170000 0.250847
62 0.922500 0.384746 0.145000 0.261017
62 0.847500 0.723729 0.190000 0.233898
62 0.717500 0.589831 0.195000 0.237288
62 0.530000 0.593220 0.205000 0.244068
62 0.588750 0.850847 0.177500 0.223729
62 0.326250 0.767797 0.202500 0.240678
62 0.140000 0.266102 0.175000 0.254237
62 0.122500 0.508475 0.160000 0.210169
62 0.272500 0.523729 0.150000 0.227119
62 0.403750 0.176271 0.192500 0.230508
62 0.575000 0.122034 0.155000 0.189831
62 0.837500 0.123729 0.165000 0.213559
62 0.081250 0.081356 0.157500 0.142373
62 0.246250 0.096610 0.187500 0.186441
62 0.138750 0.737288 0.152500 0.233898
62 0.238750 0.930508 0.207500 0.138983
62 0.733750 0.937288 0.162500 0.125424
