63 0.507500 0.442500 0.321250 0.283333
63 0.176250 0.311667 0.230000 0.340000
63 0.550312 0.166250 0.224375 0.330833
63 0.785312 0.127917 0.301875 0.229167
63 0.756250 0.354583 0.261250 0.247500
63 0.743437 0.714583 0.183125 0.307500
63 0.915625 0.549583 0.168750 0.225833
63 0.705000 0.920833 0.211250 0.158333
63 0.556250 0.719583 0.241250 0.320833
63 0.301563 0.693750 0.285625 0.254167
63 0.349375 0.292917 0.201250 0.462500
63 0.162500 0.861667 0.246250 0.276667
63 0.088750 0.448750 0.172500 0.379167
