9 0.430527 0.655478 0.242252 0.392747
9 0.696023 0.863812 0.271178 0.272377
9 0.856663 0.715085 0.163223 0.237269
9 0.620222 0.664352 0.137138 0.201389
9 0.595687 0.457176 0.167097 0.218364
9 0.676782 0.275077 0.172779 0.249228
9 0.899277 0.398920 0.201446 0.367284
9 0.786028 0.518711 0.142820 0.194059
9 0.823605 0.158179 0.142045 0.263889
9 0.487087 0.299769 0.216426 0.205247
9 0.177169 0.126350 0.158058 0.241127
9 0.223140 0.405285 0.151860 0.225694
9 0.112603 0.615548 0.216426 0.376157
9 0.228822 0.848380 0.190599 0.190586
9 0.048037 0.263117 0.091942 0.300154
9 0.331224 0.182292 0.222882 0.329090
9 0.505682 0.110532 0.142045 0.176312
9 0.939824 0.872299 0.119318 0.255401
