9 0.674286 0.501429 0.360000 0.251429
9 0.099286 0.454286 0.192857 0.345714
9 0.662143 0.851429 0.315714 0.280000
9 0.599286 0.096429 0.370000 0.187143
9 0.454286 0.266429 0.374286 0.232857
9 0.649286 0.662143 0.544286 0.270000
9 0.126429 0.812143 0.244286 0.375714
9 0.392143 0.864286 0.287143 0.271429
9 0.161429 0.206429 0.320000 0.332857
9 0.887143 0.124286 0.194286 0.177143
9 0.916429 0.474286 0.167143 0.308571
9 0.937143 0.789286 0.117143 0.312857
9 0.234286 0.632143 0.280000 0.392857
9 0.409286 0.387143 0.150000 0.142857
9 0.432143 0.517143 0.132857 0.100000
